"cys_pos" "pKa" "ASA_cys" "ASA_SH" "nb_A" "nb_B" "ALA" "ASN" "CYS" "GLU" "GLY" "ILE" "LEU" "LYS" "MET" "PHE" "SER" "THR" "TYR" "VAL" "A7" "A8" "A9" "A10" "A11" "R11" "N7" "N10" "C7" "C8" "C9" "E9" "E10" "E11" "G10" "G11" "I4" "I5" "I6" "I7" "I8" "I9" "I10" "L5" "L6" "L8" "L9" "L10" "M7" "M10" "S7" "S8" "S9" "S10" "T5" "T6" "T8" "T9" "T10" "T11" "Y9" "V6" "V7" "V8" "cluster"
"1" 284 9.49 47.22 9.787 2 2 0 1 1 0 2 1 2 1 0 4 1 1 0 3 0 0 0 0 0 0 0 1 0 0 0 0 0 0 0 0 0 0 1 1 0 0 0 0 0 0 1 1 0 0 0 0 1 1 0 1 0 0 0 0 0 1 1 0 "2"
"2" 162 10.28 8.14 2.557 3 2 3 3 0 1 4 3 2 1 2 2 1 2 1 3 0 0 0 1 1 0 0 0 0 0 0 0 0 0 1 1 0 0 0 1 2 1 0 0 0 0 0 0 0 1 0 0 0 1 0 0 0 0 2 2 1 0 1 2 "2"
"3" 37 -1 -1 -1 3 2 3 3 0 1 4 3 2 1 2 2 1 2 1 3 0 0 0 1 1 0 0 0 0 0 0 0 0 0 1 1 0 0 0 1 2 1 0 0 0 0 0 0 0 1 0 0 0 1 0 0 0 0 2 2 1 0 1 2 "1"
"4" 227 9.37 62.92 40.414 2 2 1 0 0 1 0 1 0 0 3 1 1 2 1 0 1 0 0 0 0 0 0 0 0 0 0 0 0 0 0 0 0 0 0 0 0 1 1 0 0 0 0 0 0 0 1 1 0 0 0 0 1 0 0 0 0 0 0 0 "2"
"5" 76 99.99 20.97 13.383 8 2 4 1 1 3 8 3 5 3 2 0 4 3 2 4 1 1 0 1 1 0 0 0 0 0 0 1 1 0 4 3 0 0 0 0 2 2 0 0 1 2 2 1 0 1 1 1 0 0 0 1 0 0 0 0 0 0 0 1 "1"
"6" 65 12.98 0.02 0.022 2 7 8 1 0 4 10 4 5 4 0 1 2 1 2 11 2 2 1 2 2 0 0 1 0 0 0 0 2 2 5 3 0 0 0 0 1 2 2 1 1 1 2 3 0 0 0 0 0 0 0 0 0 1 2 1 1 3 4 3 "1"
"7" 477 8.93 101.96 62.776 3 0 1 0 0 4 1 1 0 1 0 0 1 2 0 1 0 0 0 1 1 1 0 0 0 0 0 2 2 0 0 0 0 0 0 0 0 1 1 0 0 0 0 0 0 0 0 1 1 0 1 1 1 1 0 0 0 0 0 0 "5"
"8" 189 11.34 0 0 2 4 5 1 0 1 2 3 5 2 4 4 1 2 1 1 1 2 1 1 1 1 0 0 0 0 0 0 1 1 0 0 0 0 1 1 1 1 0 1 0 1 1 2 0 0 0 0 0 0 1 1 0 0 1 1 0 0 0 0 "2"
"9" 321 10.54 3.19 3.194 3 3 3 4 0 3 5 5 2 2 1 1 1 2 0 6 1 2 2 0 0 0 0 1 0 0 0 0 0 0 0 0 1 1 1 1 2 2 0 1 0 1 1 0 0 2 0 0 0 0 1 0 0 0 0 0 0 0 1 1 "4"
"10" 99 10.37 57.71 48.083 4 3 6 1 1 2 0 2 4 3 0 1 5 1 4 6 2 1 0 2 2 0 0 0 1 1 0 0 0 0 1 0 0 0 0 1 1 0 0 1 0 1 0 0 0 0 0 1 2 1 0 0 0 0 0 0 0 1 1 2 "3"
"11" 415 11.87 11.18 11.006 4 5 5 1 2 3 4 2 3 3 2 1 4 2 1 9 2 1 0 2 2 0 0 0 0 0 2 0 1 1 3 1 1 1 0 0 0 1 1 1 1 1 0 1 0 1 1 1 1 1 1 1 0 0 0 0 0 1 0 2 "4"
"12" 51 11.74 1.73 1.734 3 6 5 1 0 3 5 2 2 4 1 3 5 2 2 7 0 1 1 1 1 0 0 1 0 0 0 2 2 0 3 1 1 2 1 0 0 0 0 0 0 1 0 1 0 0 1 1 2 4 1 2 0 0 0 0 0 2 2 2 "1"
"13" 242 11.63 1.86 1.865 4 8 5 3 0 0 4 4 6 4 4 2 2 2 0 5 3 2 1 3 2 0 2 0 0 0 0 0 0 0 1 1 0 1 1 0 1 2 2 2 1 1 0 1 0 1 0 0 1 1 0 0 0 0 0 0 0 1 2 2 "2"
"14" 571 10.49 1.72 0 3 0 4 2 1 5 0 1 4 3 1 0 1 3 2 3 1 1 1 1 0 0 0 0 0 0 1 4 2 0 0 0 0 0 0 0 0 0 1 2 2 0 1 1 1 0 0 0 0 1 0 0 1 2 1 0 1 1 1 0 "5"
"15" 43 12.83 2.29 0 2 5 7 3 0 2 4 6 3 2 1 0 2 5 2 6 3 4 2 3 2 0 0 1 0 0 0 1 1 0 3 2 1 1 1 2 2 1 1 0 0 0 0 1 0 0 1 1 1 1 0 0 3 2 0 0 0 0 1 2 "1"
"16" 273 13.47 0 0 5 5 4 0 3 2 4 3 9 2 3 5 2 5 2 7 1 1 1 3 2 1 0 0 1 0 1 0 1 1 1 1 0 0 0 0 1 1 0 1 2 2 1 1 1 2 2 2 0 0 1 0 0 0 2 2 0 1 2 2 "2"
"17" 157 15.21 2.21 1.736 2 7 3 1 2 3 5 1 6 2 4 3 4 3 2 5 1 0 2 2 0 0 0 0 1 0 1 1 2 1 2 2 1 1 0 0 0 0 0 1 1 1 0 2 0 4 2 1 1 2 1 1 0 0 1 1 0 1 0 1 "2"
"18" 404 10.02 7.25 6.974 4 6 4 3 2 1 3 2 2 0 0 6 1 5 1 3 1 1 2 1 0 0 2 0 0 0 1 0 0 0 2 1 0 1 1 0 1 1 0 0 0 1 0 0 0 0 0 1 2 1 1 0 1 1 2 1 1 1 1 0 "4"
"19" 179 12.64 0.22 0.22 4 6 3 2 3 4 6 3 7 2 1 6 3 6 2 5 1 2 1 1 1 0 1 0 0 0 2 0 0 0 2 1 0 0 0 3 3 0 0 1 0 0 2 4 0 2 0 0 1 1 0 0 3 2 1 0 0 0 0 2 "2"
"20" 127 9.38 15.88 1.746 3 1 3 2 0 2 3 1 3 1 2 2 2 2 0 1 2 2 1 1 0 0 2 0 0 0 0 0 0 0 2 1 0 0 0 1 1 0 0 0 0 1 1 0 1 0 1 1 0 1 0 0 0 1 1 0 0 0 1 1 "1"
"21" 82 13.8 2.31 2.309 4 5 3 1 0 0 6 2 2 2 0 1 2 0 4 5 2 2 1 2 1 1 0 1 0 0 0 0 0 0 2 0 0 0 1 1 0 1 1 0 0 0 0 2 0 0 1 2 1 0 0 0 0 0 0 0 2 1 1 0 "1"
"22" 287 14.71 0.12 0.125 6 6 3 0 0 4 4 5 4 1 3 3 2 4 1 6 0 0 1 1 0 1 0 0 0 0 0 0 0 0 3 3 0 0 1 1 1 3 2 0 0 0 2 2 0 0 1 0 1 1 1 2 0 2 2 0 0 0 2 4 "2"
"23" 76 11.64 2.85 0 4 0 7 1 0 2 4 2 4 2 2 5 1 1 1 2 2 2 1 3 3 0 0 0 0 0 0 0 0 0 1 1 0 0 2 2 0 0 0 0 0 1 1 2 0 0 0 1 1 0 0 0 1 0 0 0 0 1 1 0 "1"
"24" 54 9.08 36.06 3.262 1 3 2 3 0 1 0 1 0 1 0 3 0 1 0 1 1 0 1 1 0 0 1 0 0 0 0 0 1 1 0 0 0 0 0 0 0 0 0 0 0 0 0 0 0 0 0 0 0 0 0 1 0 0 0 0 0 0 0 1 "1"
"25" 123 12.52 1.66 0.683 4 4 3 3 0 1 3 6 5 2 2 4 2 0 1 8 1 1 1 0 0 1 0 1 0 0 0 0 1 1 1 0 1 2 1 1 1 0 2 0 0 2 1 3 0 1 0 0 0 0 0 0 0 0 0 0 0 2 2 3 "1"
"26" 184 11.45 4.9 1.36 4 0 2 1 0 8 1 4 7 3 0 0 1 0 1 3 0 0 1 2 1 0 0 1 0 0 0 1 3 3 1 0 0 1 1 1 2 1 1 0 0 2 4 3 0 0 0 1 1 0 0 0 0 0 0 0 0 0 1 2 "2"
"27" 286 12.77 20.49 5.631 5 1 2 2 1 2 1 4 5 5 0 3 2 1 1 3 0 0 1 1 0 0 0 1 1 0 0 0 1 1 0 0 1 2 1 1 1 1 1 1 1 0 2 3 0 1 0 0 1 2 0 0 0 0 1 1 0 1 2 2 "2"
"28" 411 11.73 0 0 4 4 6 2 0 0 2 5 3 4 1 2 1 4 1 3 1 2 2 3 3 0 0 1 0 0 0 0 0 0 0 0 0 0 1 2 2 2 3 2 0 1 0 0 0 0 0 1 1 0 2 3 1 1 0 0 0 1 1 1 "4"
"29" 357 17.15 2.25 0 2 6 3 3 2 3 1 4 1 3 2 1 2 2 2 5 0 1 1 0 0 0 1 2 0 0 0 1 2 1 1 1 0 0 1 2 1 1 1 0 1 0 1 2 0 2 0 0 0 2 0 1 1 1 0 0 1 1 1 1 "4"
"30" 247 9.28 10.85 1.725 2 3 4 3 1 0 6 3 2 3 0 1 0 0 2 1 1 1 1 2 1 0 1 1 0 0 0 0 0 0 1 1 0 0 1 1 0 0 2 0 0 1 1 2 0 0 0 0 0 0 0 0 0 0 0 0 0 0 0 1 "2"
"31" 26 11.63 6.42 1.284 2 4 7 0 1 3 0 4 3 4 2 2 0 1 2 2 0 2 2 1 1 0 0 0 1 1 0 0 0 0 0 0 1 1 0 0 0 2 3 0 0 2 1 1 0 2 0 0 0 0 0 0 1 1 0 0 1 0 0 1 "1"
"32" 269 10.55 0.62 0.625 3 3 1 0 1 3 1 8 3 2 2 0 1 2 0 3 0 0 0 2 2 1 0 0 0 0 0 1 2 1 0 0 0 1 2 3 3 2 1 0 0 0 2 2 1 0 0 0 0 1 0 0 0 1 3 2 0 1 0 1 "2"
"33" 301 13.66 0.01 0 7 6 5 3 1 2 2 4 5 1 6 5 3 1 3 5 2 1 0 1 1 0 0 2 0 0 0 1 1 1 0 0 0 0 0 0 1 2 2 1 1 1 1 1 1 1 0 1 2 1 0 0 0 0 0 0 2 2 1 1 "4"
"34" 12 11.75 33.65 15.837 6 5 1 4 1 2 9 3 5 1 3 3 4 2 0 5 0 0 0 1 1 0 0 0 1 1 0 0 1 1 3 2 1 1 1 1 0 0 0 0 0 4 2 0 0 0 0 1 2 3 0 0 2 2 0 0 0 0 0 2 "1"
"35" 354 9.91 18.25 3.13 5 3 2 0 2 1 3 1 6 1 2 2 6 3 0 2 0 0 0 2 2 1 0 0 1 0 0 0 0 0 0 0 1 1 0 0 0 0 0 1 1 1 0 1 0 0 0 2 2 1 0 0 0 1 2 1 0 1 1 0 "4"
"36" 127 11.5 0.23 0.081 2 5 2 2 1 4 1 1 1 1 1 2 1 0 2 4 0 0 0 1 1 1 0 1 1 1 0 1 1 1 0 0 0 0 0 0 0 2 3 0 0 0 0 0 0 0 0 0 0 0 0 0 0 0 0 0 0 1 0 2 "1"
"37" 301 13.66 0.01 0 7 6 5 3 1 2 2 4 5 1 6 5 3 1 3 5 2 1 0 1 1 0 0 2 0 0 0 1 1 1 0 0 0 0 0 0 1 2 2 1 1 1 1 1 1 1 0 1 2 1 0 0 0 0 0 0 2 2 1 1 "4"
"38" 12 11.75 33.65 15.837 6 5 1 4 1 2 9 3 5 1 3 3 4 2 0 5 0 0 0 1 1 0 0 0 1 1 0 0 1 1 3 2 1 1 1 1 0 0 0 0 0 4 2 0 0 0 0 1 2 3 0 0 2 2 0 0 0 0 0 2 "1"
"39" 354 9.91 18.25 3.13 5 3 2 0 2 1 3 1 6 1 2 2 6 3 0 2 0 0 0 2 2 1 0 0 1 0 0 0 0 0 0 0 1 1 0 0 0 0 0 1 1 1 0 1 0 0 0 2 2 1 0 0 0 1 2 1 0 1 1 0 "4"
"40" 127 11.5 0.23 0.081 2 5 2 2 1 4 1 1 1 1 1 2 1 0 2 4 0 0 0 1 1 1 0 1 1 1 0 1 1 1 0 0 0 0 0 0 0 2 3 0 0 0 0 0 0 0 0 0 0 0 0 0 0 0 0 0 0 1 0 2 "1"
"41" 144 13.48 0.15 0.151 5 4 5 3 1 1 1 3 7 2 0 1 4 2 2 6 1 1 2 4 2 0 1 0 0 0 1 1 1 0 0 0 0 0 1 1 1 1 2 0 1 3 2 1 0 1 1 2 2 2 0 1 0 0 0 0 1 2 4 3 "1"
"42" 257 13.79 0.19 0.185 5 6 3 1 3 0 2 7 5 2 1 1 2 7 2 7 0 1 1 1 1 0 1 0 0 0 1 0 0 0 0 0 1 2 3 3 1 0 0 2 0 0 1 2 0 1 0 1 1 1 1 0 2 3 4 3 0 1 3 2 "2"
"43" 311 11.84 39.4 27.018 3 6 3 1 1 2 0 5 1 2 1 1 0 2 2 7 2 1 0 0 0 0 0 0 0 0 0 1 1 0 0 0 0 0 0 0 4 4 0 0 0 0 0 1 0 0 0 0 0 1 0 1 0 1 1 0 0 0 1 1 "4"
"44" 200 9.77 30.8 22.079 2 3 2 3 1 0 3 3 5 1 1 0 3 1 0 5 0 0 2 2 0 1 1 1 0 0 0 0 0 0 1 0 0 0 0 0 1 2 2 1 1 2 2 1 0 2 0 0 0 1 0 0 1 1 0 0 0 0 2 2 "2"
"45" 185 11.24 12.43 9.439 4 3 0 2 2 2 3 0 4 2 0 0 3 1 1 5 0 0 0 0 0 1 0 2 1 0 0 1 1 0 0 0 0 0 0 0 0 0 0 0 0 1 0 2 0 0 1 1 1 0 0 0 0 0 0 0 1 1 4 3 "2"
"46" 130 10.03 32.79 23.355 3 2 6 1 0 2 2 1 2 1 0 1 3 1 0 1 1 3 3 0 0 0 0 1 0 0 0 1 0 0 1 0 0 1 1 0 0 0 0 0 0 0 2 2 0 0 0 1 1 2 0 0 0 1 1 0 0 0 0 0 "3"
"47" 466 11.57 30.1 21.532 6 0 2 2 0 1 4 1 4 1 4 2 5 1 2 2 0 0 1 2 1 2 1 1 0 0 0 0 1 1 4 1 0 0 0 0 0 1 1 1 1 1 1 1 1 1 1 1 1 3 0 0 1 1 0 0 0 1 1 1 "5"
"48" 439 13.33 2.41 1.032 6 3 3 2 1 5 1 4 3 2 4 3 8 2 0 4 0 1 2 2 1 0 1 0 0 0 0 2 3 1 1 0 0 3 3 0 0 0 0 1 0 1 1 0 1 2 3 2 2 2 0 0 1 3 2 0 0 1 1 0 "4"
"49" 277 18.37 0.02 0 8 0 7 1 1 6 4 5 6 2 3 2 3 2 3 8 2 2 0 2 2 0 0 0 0 0 0 3 3 1 1 1 1 1 0 0 1 1 3 0 2 1 2 1 0 1 1 1 1 1 0 0 0 0 0 0 1 2 2 2 "2"
"50" 121 -1 -1 -1 0 5 1 1 0 4 3 1 5 2 0 0 2 1 0 2 1 0 0 0 0 0 0 1 0 0 0 2 1 0 0 0 0 0 0 0 0 0 0 0 3 0 1 2 0 0 1 2 1 0 0 0 0 1 1 0 0 0 1 2 "1"
"51" 310 8.97 73.65 45.532 2 0 0 0 0 0 2 1 1 0 0 1 2 4 0 2 0 0 0 0 0 0 0 0 0 0 0 0 0 0 1 1 0 0 0 0 1 1 0 0 0 0 0 0 0 0 0 0 0 0 2 2 1 0 0 0 0 0 0 0 "4"
"52" 338 12.9 0 0 7 0 8 1 0 2 3 4 6 1 3 3 6 4 4 1 1 1 1 5 4 1 0 0 0 0 0 1 2 1 1 1 0 1 1 0 0 0 0 2 0 3 2 1 0 1 2 2 1 2 1 1 0 0 2 2 0 0 0 0 "4"
"53" 133 12.3 0.81 0 4 4 5 3 1 1 4 5 11 2 0 4 3 2 3 4 0 0 3 4 1 0 0 2 1 1 0 1 0 0 0 0 0 1 1 0 0 1 2 2 2 3 4 3 0 0 0 0 0 3 1 1 0 0 0 0 2 1 0 0 "1"
"54" 123 13.02 0 0 2 5 1 3 1 0 1 9 5 1 1 2 4 1 6 4 0 0 0 1 1 0 0 1 1 1 0 0 0 0 3 3 0 0 0 1 2 4 4 2 1 1 1 2 0 1 1 1 0 1 0 0 1 1 0 0 1 0 1 2 "1"
"55" 390 9.58 10.74 10.736 0 8 1 1 2 0 2 8 0 3 1 0 4 0 0 3 0 1 1 0 0 0 0 1 0 1 1 0 0 0 2 2 1 2 2 2 1 1 2 0 0 0 0 0 0 2 0 2 2 1 0 0 0 0 0 0 0 0 0 0 "4"
"56" 237 11.55 1.14 0.291 4 3 8 0 0 2 2 1 4 2 3 2 2 2 1 2 1 1 2 3 2 0 0 0 0 0 0 1 1 0 0 0 0 0 0 0 1 1 0 2 1 1 1 1 0 2 1 1 1 1 0 0 1 1 0 0 0 0 0 0 "2"
"57" 91 12.26 0 0 5 3 4 1 1 2 1 4 7 2 1 3 2 0 2 3 1 1 2 2 0 0 0 1 1 0 0 0 0 0 0 0 1 2 1 1 1 1 1 1 0 2 5 3 0 1 0 0 1 1 0 0 0 0 0 0 1 1 1 1 "1"
"58" 18 11.83 0.67 0.675 4 5 3 3 1 1 3 6 6 3 4 2 1 3 4 1 0 1 1 0 0 0 1 2 0 0 0 0 0 0 2 0 0 0 0 2 3 1 2 2 0 4 0 0 0 2 1 0 0 0 1 0 0 0 0 0 0 1 0 0 "1"
"59" 83 13.13 2.9 2.9 4 5 7 1 2 4 2 4 5 1 1 1 3 7 2 4 1 0 1 3 2 0 0 1 2 0 0 1 1 0 2 0 0 0 0 0 1 2 1 1 1 3 2 1 0 2 1 1 1 0 0 1 1 3 2 0 0 0 1 2 "1"
"60" 243 6.17 4.37 4.372 5 4 4 4 1 0 8 5 4 3 2 1 4 5 1 3 1 1 1 2 1 0 0 2 0 0 0 0 1 1 3 3 0 0 0 1 1 1 1 0 1 3 2 0 0 1 0 0 2 3 1 1 1 1 1 1 0 1 0 1 "2"
"61" 41 11.74 7.18 0.505 5 0 4 1 0 4 3 2 6 1 2 3 2 3 0 3 2 1 3 2 0 0 0 2 0 0 0 0 0 0 1 0 1 1 0 0 0 1 1 2 1 3 1 1 0 2 1 0 0 1 1 1 0 0 1 1 0 0 0 0 "1"
"62" 23 11.39 0.1 0.099 3 3 4 1 1 4 0 3 3 2 3 0 0 2 1 5 2 0 0 2 2 0 1 0 0 1 1 1 0 0 0 0 0 0 1 1 0 1 3 0 0 1 2 1 0 2 0 0 0 0 0 0 0 1 1 0 1 0 0 1 "1"
"63" 273 9.29 62.67 52.895 3 1 4 4 0 3 2 2 5 3 0 6 2 6 1 2 1 1 2 4 2 0 0 2 0 0 0 2 3 1 2 2 0 0 0 0 0 0 2 0 0 1 2 2 0 0 0 0 0 1 0 1 0 0 1 1 1 0 1 1 "2"
"64" 238 10.38 1.48 1.392 3 1 7 2 0 1 2 2 3 1 0 0 3 1 1 3 4 3 2 2 1 1 0 2 0 0 0 0 0 0 0 0 0 1 1 0 1 1 0 1 0 1 0 0 0 0 0 1 1 0 0 1 0 0 0 0 0 0 1 1 "2"
"65" 361 17.22 0 0 5 4 8 1 3 1 3 5 4 4 1 2 1 0 1 7 1 2 4 3 0 0 0 0 2 0 0 0 0 0 1 1 2 3 1 0 0 1 2 0 0 2 1 0 0 0 0 0 0 2 0 0 0 0 0 0 0 1 2 3 "4"
"66" 184 10.21 50.36 47.416 1 7 5 0 0 3 1 1 1 1 0 4 1 5 2 10 2 1 0 1 1 1 0 0 0 0 0 0 1 1 1 1 0 0 0 0 0 1 1 0 0 0 0 1 0 0 0 0 0 1 0 1 2 3 1 0 2 2 0 2 "2"
"67" 393 -1 -1 -1 1 3 2 3 0 1 1 1 1 0 0 2 1 3 0 1 1 0 0 0 0 0 1 1 0 0 0 0 0 0 0 0 0 0 1 1 0 0 0 0 0 1 1 0 0 0 0 0 1 1 1 0 1 0 0 0 0 0 0 0 "4"
"68" 246 -1 -1 -1 1 3 2 3 0 1 1 1 1 0 0 2 1 3 0 1 1 0 0 0 0 0 1 1 0 0 0 0 0 0 0 0 0 0 1 1 0 0 0 0 0 1 1 0 0 0 0 0 1 1 1 0 1 0 0 0 0 0 0 0 "2"
"69" 29 9.03 48.71 45.767 2 3 2 1 0 0 1 2 3 2 1 2 0 0 0 4 0 1 2 1 0 0 0 0 0 0 0 0 0 0 0 0 0 0 0 0 0 0 1 0 0 0 0 1 0 0 0 0 0 0 0 0 0 0 0 0 0 1 1 0 "3"
"70" 130 10.81 2.15 0.14 4 1 5 1 1 2 2 6 2 2 2 0 3 2 0 5 0 1 2 2 1 0 1 0 0 0 0 2 1 0 1 0 0 1 1 0 1 1 0 1 1 0 0 0 1 1 0 1 2 1 0 0 0 2 2 0 0 0 0 1 "1"
"71" 142 10.97 0.99 0.001 4 3 6 1 0 2 4 5 3 8 0 0 2 3 0 6 2 2 1 2 1 0 1 0 0 0 0 0 0 0 0 0 0 0 0 0 2 4 2 1 0 0 1 2 0 0 2 2 0 1 0 1 0 0 0 0 0 2 2 1 "1"
"72" 14 9.18 49.14 40.99 3 3 0 0 0 2 3 3 4 2 0 0 4 2 0 7 0 0 0 0 0 0 0 0 0 0 0 0 0 0 0 0 0 0 0 0 1 1 1 0 0 0 0 2 0 1 0 2 2 0 0 0 1 0 0 0 0 1 1 0 "3"
"73" 78 11.85 3.29 1.336 4 5 2 1 0 3 2 6 7 3 2 1 4 3 0 9 1 1 1 0 0 0 0 0 0 0 0 1 1 1 0 0 0 1 2 1 0 1 3 1 1 2 2 1 0 0 1 2 1 1 1 0 0 0 2 2 0 3 4 2 "1"
"74" 113 9.75 3.41 2.674 3 0 2 1 1 0 1 3 1 1 1 1 2 2 1 0 0 0 0 0 0 0 0 0 0 0 0 0 0 0 1 0 0 0 0 1 1 0 1 0 0 0 1 1 0 0 0 1 1 0 0 0 1 1 0 0 1 0 0 0 "1"
"75" 210 -1 -1 -1 3 0 2 1 1 0 1 3 1 1 1 1 2 2 1 0 0 0 0 0 0 0 0 0 0 0 0 0 0 0 1 0 0 0 0 1 1 0 1 0 0 0 1 1 0 0 0 1 1 0 0 0 1 1 0 0 1 0 0 0 "2"
"76" 342 11.61 1.66 1.615 5 2 2 1 1 3 2 3 6 4 1 3 2 1 0 2 0 1 1 0 0 0 0 0 0 0 1 1 1 1 2 1 0 0 1 1 1 1 0 2 2 2 4 2 0 0 1 2 1 0 0 0 0 0 0 0 0 0 1 1 "4"
"77" 90 10.03 35.12 21.784 2 3 1 3 1 2 1 4 2 1 2 1 5 1 1 2 0 0 0 1 1 0 1 1 0 1 1 1 0 0 0 0 0 0 0 0 1 1 0 0 1 0 0 0 0 0 0 0 2 2 0 0 1 1 0 0 0 1 1 0 "1"
"78" 72 9.43 48.88 42.409 2 4 5 1 0 2 4 2 2 3 0 0 1 0 0 3 1 1 1 0 0 0 0 0 0 0 0 1 1 0 1 0 0 0 0 0 0 1 1 0 0 0 1 1 0 0 0 1 1 0 0 0 0 0 0 0 0 1 0 2 "3"
"79" 434 9.19 71.34 61.173 1 0 3 1 0 3 1 0 0 1 1 0 1 1 0 0 2 1 0 1 1 0 0 0 0 0 0 0 2 2 0 0 0 0 0 0 0 0 0 0 0 0 0 0 0 0 0 0 0 1 0 0 0 0 0 0 0 0 0 0 "4"
"80" 12 12.38 1.14 0.544 4 6 7 1 0 3 4 4 5 1 5 4 2 2 2 6 1 1 0 1 1 0 0 0 0 0 0 0 1 1 1 1 0 0 0 1 2 1 0 1 0 3 1 1 2 1 1 1 0 0 1 1 0 0 0 0 0 3 2 0 "1"
"81" 219 17.48 0 0 6 2 1 1 1 3 4 5 6 3 2 2 0 4 3 3 0 0 0 1 1 1 0 1 0 0 0 1 1 1 1 0 1 1 0 2 2 0 2 2 1 2 2 1 0 1 0 0 0 0 0 0 1 2 1 0 2 0 1 2 "2"
"82" 72 8.96 86.22 56.647 1 3 1 0 1 0 2 1 1 1 1 1 2 1 0 1 0 0 0 1 1 0 0 0 0 0 0 0 0 0 1 1 0 0 0 0 0 0 0 0 0 0 0 0 1 0 0 1 1 0 0 0 0 0 0 0 0 0 0 0 "3"
"83" 83 7.61 8.82 7.236 3 4 6 1 3 2 3 4 3 2 0 1 4 4 2 3 1 1 1 2 1 1 0 0 1 1 0 1 0 0 1 0 0 0 2 2 0 0 1 0 0 1 2 2 0 0 0 1 2 1 1 1 2 1 1 1 2 2 0 0 "1"
"84" 143 11.49 0 0 4 9 6 0 4 3 4 7 5 2 2 1 7 4 4 4 0 1 2 2 1 0 0 0 1 3 2 1 2 1 2 1 0 0 1 1 0 0 1 0 0 1 0 3 1 0 0 1 2 2 0 1 0 0 1 1 0 1 0 0 "1"
"85" 165 11.02 1.21 0 1 5 2 1 3 1 4 3 4 3 1 1 2 3 2 3 0 1 2 1 0 1 0 1 0 1 1 0 0 0 1 1 0 0 1 1 1 2 2 0 0 3 1 0 1 0 0 1 1 0 0 0 1 1 1 0 0 1 1 0 "2"
"86" 205 10.68 0 0 1 2 3 1 0 2 1 0 4 1 0 1 1 0 2 3 0 2 2 1 1 0 0 0 0 0 0 0 1 1 0 0 0 0 0 0 0 0 0 0 1 2 2 1 0 0 0 0 0 0 0 0 0 0 0 0 0 0 0 2 "2"
"87" 287 11.82 0 0 0 6 2 2 0 4 3 0 3 1 1 2 2 0 0 3 0 1 1 0 0 2 0 1 0 0 0 0 2 2 1 1 0 0 0 0 0 0 0 0 1 0 1 1 1 0 0 0 2 2 0 0 0 0 0 0 0 0 0 1 "2"
"88" 113 9.31 21.04 19.839 2 0 8 2 1 1 1 0 2 1 3 0 2 0 4 2 2 3 2 1 1 0 0 0 1 1 0 0 0 0 2 1 0 0 0 0 0 0 0 0 0 1 1 1 1 0 0 0 0 1 0 0 0 0 0 0 1 0 1 1 "1"
"89" 407 10.5 0 0 0 9 3 3 2 2 2 5 6 4 1 1 4 1 2 3 0 0 0 0 0 0 1 1 0 0 0 0 1 1 1 0 0 0 0 0 2 2 2 0 1 0 1 3 0 0 0 1 1 2 1 1 0 0 0 0 0 0 0 0 "4"
"90" 345 9.28 1.24 0.703 1 11 7 3 2 1 5 6 9 1 4 4 2 4 2 5 2 2 3 3 1 2 0 3 0 0 0 0 2 2 3 1 0 1 3 2 0 2 2 3 2 3 0 0 0 1 0 1 3 3 0 1 1 2 1 0 1 1 2 2 "4"
"91" 490 11.24 2.19 0.243 2 4 2 0 0 4 2 4 3 4 1 2 1 1 0 3 0 0 2 2 0 0 0 0 0 0 0 0 1 1 2 0 0 0 0 1 1 1 1 0 2 1 0 0 0 0 1 1 0 0 0 0 1 0 0 0 0 1 2 1 "5"
"92" 330 19.15 0 0 2 9 3 2 2 4 4 7 8 3 1 3 3 3 1 4 1 2 1 2 2 0 2 0 0 0 0 1 1 0 0 0 1 3 2 1 1 0 1 2 1 2 2 2 0 0 0 0 1 2 1 1 1 0 0 0 1 0 1 1 "4"
"93" 49 9.02 6.06 6.063 2 4 4 2 0 0 1 1 3 1 0 2 3 2 2 1 0 2 3 1 0 1 0 0 0 0 0 0 0 0 0 0 0 0 0 1 1 0 0 0 1 0 1 2 0 0 0 2 2 0 1 2 0 0 0 0 1 0 0 0 "1"
"94" 102 9.46 0 0 1 5 5 2 0 0 4 2 4 1 1 2 1 1 1 6 0 2 2 1 1 0 0 0 0 0 0 0 0 0 2 1 0 0 0 0 0 1 1 1 0 0 1 2 0 0 0 1 1 0 0 0 1 0 0 0 0 0 1 1 "1"
"95" 12 9.42 11.8 6.257 0 3 2 1 0 2 2 2 3 3 0 0 0 2 1 1 1 2 1 0 0 1 0 0 0 0 0 0 1 1 0 0 0 0 0 0 1 1 0 0 1 0 0 1 0 0 0 0 0 0 0 0 1 0 0 0 1 0 0 0 "1"
"96" 345 13.3 0.05 0 4 0 0 2 1 0 2 7 3 1 0 3 2 1 0 6 0 0 1 2 1 2 0 2 1 1 0 0 0 0 0 0 0 2 3 1 1 2 2 1 0 1 1 0 0 0 2 2 0 0 0 0 0 0 0 0 0 0 2 3 "4"
"97" 184 10.28 9.67 5.893 3 7 4 1 0 4 2 2 6 1 1 2 2 3 0 5 2 2 0 1 1 0 0 0 0 0 0 3 2 0 0 0 0 0 0 1 2 1 0 1 1 2 3 1 1 0 1 1 2 3 1 2 0 0 0 0 0 2 1 0 "2"
"98" 387 12.33 0 0 7 2 5 2 1 1 5 7 8 2 2 3 0 1 1 5 3 2 1 1 0 1 0 1 1 1 0 0 1 1 1 0 0 1 1 3 3 2 3 2 3 2 1 1 0 1 0 0 0 0 1 1 0 0 0 0 0 0 0 0 "4"
"99" 278 12.97 0 0 4 9 2 4 2 3 7 3 4 2 2 3 2 3 0 7 0 0 0 1 1 0 1 1 0 0 0 0 0 0 0 0 0 0 0 0 0 0 1 0 0 2 0 0 0 1 0 0 0 1 1 1 0 0 0 0 0 1 0 2 "2"
"100" 405 12.01 8.56 8.563 4 8 6 1 0 1 7 2 7 4 0 5 2 7 2 2 2 1 1 1 0 1 1 0 0 0 0 0 1 1 0 0 0 1 1 0 1 1 0 0 0 3 3 2 0 0 0 0 1 1 2 2 2 2 2 2 0 1 0 0 "4"
"101" 451 13.46 4.56 0 6 7 5 2 0 0 4 1 8 2 3 8 6 4 4 2 0 0 1 3 2 0 0 1 0 0 0 0 0 0 1 0 0 1 1 0 0 0 1 0 1 4 3 1 0 2 2 3 2 2 0 0 1 1 1 1 0 0 0 0 "5"
"102" 210 -1 -1 -1 6 7 5 2 0 0 4 1 8 2 3 8 6 4 4 2 0 0 1 3 2 0 0 1 0 0 0 0 0 0 1 0 0 1 1 0 0 0 1 0 1 4 3 1 0 2 2 3 2 2 0 0 1 1 1 1 0 0 0 0 "2"
"103" 157 -1 -1 -1 6 7 5 2 0 0 4 1 8 2 3 8 6 4 4 2 0 0 1 3 2 0 0 1 0 0 0 0 0 0 1 0 0 1 1 0 0 0 1 0 1 4 3 1 0 2 2 3 2 2 0 0 1 1 1 1 0 0 0 0 "2"
"104" 454 -1 -1 -1 6 7 5 2 0 0 4 1 8 2 3 8 6 4 4 2 0 0 1 3 2 0 0 1 0 0 0 0 0 0 1 0 0 1 1 0 0 0 1 0 1 4 3 1 0 2 2 3 2 2 0 0 1 1 1 1 0 0 0 0 "5"
"105" 351 -1 -1 -1 6 7 5 2 0 0 4 1 8 2 3 8 6 4 4 2 0 0 1 3 2 0 0 1 0 0 0 0 0 0 1 0 0 1 1 0 0 0 1 0 1 4 3 1 0 2 2 3 2 2 0 0 1 1 1 1 0 0 0 0 "4"
"106" 242 -1 -1 -1 6 7 5 2 0 0 4 1 8 2 3 8 6 4 4 2 0 0 1 3 2 0 0 1 0 0 0 0 0 0 1 0 0 1 1 0 0 0 1 0 1 4 3 1 0 2 2 3 2 2 0 0 1 1 1 1 0 0 0 0 "2"
"107" 365 -1 -1 -1 6 7 5 2 0 0 4 1 8 2 3 8 6 4 4 2 0 0 1 3 2 0 0 1 0 0 0 0 0 0 1 0 0 1 1 0 0 0 1 0 1 4 3 1 0 2 2 3 2 2 0 0 1 1 1 1 0 0 0 0 "4"
"108" 235 9.7 61.7 43.886 3 0 2 1 0 3 2 1 3 1 1 0 0 1 0 0 0 0 1 1 0 0 0 0 0 0 0 1 1 0 1 0 0 0 0 0 0 0 0 0 0 2 0 0 0 0 0 0 0 0 0 0 1 1 0 0 0 0 0 0 "2"
"109" 161 -1 -1 -1 3 0 2 1 0 3 2 1 3 1 1 0 0 1 0 0 0 0 1 1 0 0 0 0 0 0 0 1 1 0 1 0 0 0 0 0 0 0 0 0 0 2 0 0 0 0 0 0 0 0 0 0 1 1 0 0 0 0 0 0 "2"
"110" 208 11.15 1.6 1.079 2 6 6 0 1 1 4 3 3 2 0 0 0 6 2 5 2 2 2 1 0 0 0 0 0 1 1 0 0 0 2 2 0 0 1 3 2 0 0 1 1 1 1 0 0 0 0 0 0 1 1 0 1 1 3 2 1 1 2 2 "2"
"111" 60 10.15 18.3 13.978 2 3 5 2 1 2 2 1 3 3 0 2 3 2 1 4 2 1 1 1 1 0 0 0 1 0 0 1 0 0 0 0 0 0 0 0 0 1 1 1 0 1 1 0 0 0 0 1 2 1 0 0 1 1 1 1 0 0 0 1 "1"
"112" 93 13.07 1.07 0 2 6 3 2 2 2 3 2 7 1 0 2 2 3 2 2 1 0 0 0 0 2 1 0 0 0 1 0 2 2 0 0 0 0 0 0 0 1 1 0 1 3 4 3 0 0 1 1 0 0 0 2 0 0 0 0 0 0 1 1 "1"
"113" 116 16.38 4.12 4.124 1 9 4 0 3 4 6 1 4 3 2 2 0 3 2 1 0 0 1 2 1 0 0 0 0 0 1 3 1 0 2 1 0 0 0 0 0 0 0 0 0 0 0 2 1 0 0 0 0 0 1 1 1 2 1 0 1 0 0 0 "1"
"114" 78 8.99 48.73 31.241 3 1 3 0 0 4 0 1 2 2 1 0 0 1 1 3 2 2 0 0 0 1 0 0 0 0 0 2 1 0 0 0 0 0 0 0 0 1 1 0 0 0 0 1 0 0 0 0 0 0 0 0 0 0 0 0 0 0 0 0 "3"
"115" 52 11.01 13.67 13.003 3 2 3 0 0 1 1 2 3 2 1 1 4 2 1 3 0 1 1 0 0 1 0 0 0 0 0 0 0 0 2 2 0 0 2 2 0 0 0 0 1 1 1 1 0 0 3 3 2 2 0 0 1 1 0 0 1 1 1 1 "1"
"116" 55 9.21 75.85 61.535 1 0 7 0 0 1 2 1 1 0 0 0 0 3 0 1 1 1 1 1 0 0 0 0 0 0 0 1 0 0 1 0 0 0 1 1 0 0 0 0 1 0 0 0 0 0 0 0 0 0 0 0 1 0 1 1 0 0 0 0 "3"
"117" 218 11.11 16.19 14.509 5 0 2 1 1 7 2 2 4 2 0 2 0 2 3 0 1 0 1 1 0 1 0 0 0 1 1 3 2 1 2 2 0 0 0 2 2 0 0 2 1 1 1 0 0 0 0 0 0 0 0 0 0 0 0 0 0 0 0 0 "2"
"118" 128 10.86 2.02 2.018 0 4 1 2 1 0 3 5 4 4 0 2 3 1 0 3 1 0 0 0 0 1 0 1 0 0 1 0 0 0 1 0 1 1 0 0 2 2 1 0 1 1 1 1 0 0 1 1 0 2 0 0 0 1 2 1 0 1 1 1 "1"
"119" 18 8.37 18.83 9.283 0 2 1 0 0 1 4 0 0 6 0 3 2 1 1 1 0 0 0 1 1 0 0 0 0 0 0 1 1 0 1 1 0 0 0 0 0 0 0 0 0 0 0 0 0 0 1 1 0 0 1 1 0 0 0 0 1 1 1 0 "1"
"120" 114 12.63 0 0 1 3 1 1 1 2 2 4 1 4 1 2 1 2 2 5 0 0 0 0 0 0 1 0 0 0 0 0 1 1 1 0 0 0 0 0 2 3 3 0 0 1 0 0 0 0 0 0 0 0 0 1 1 1 0 0 0 1 2 2 "1"
"121" 86 10.91 0 0 2 3 4 3 1 0 3 5 5 2 1 0 1 2 4 4 0 1 2 1 0 0 0 1 0 0 1 0 0 0 2 2 0 0 1 3 3 1 0 3 1 0 0 0 0 0 0 0 1 1 0 0 1 0 1 1 0 0 1 2 "1"
"122" 50 9.52 0 0 4 3 3 5 3 1 4 3 3 1 0 0 2 1 3 7 0 0 1 2 1 1 1 0 0 0 1 0 1 1 1 0 0 0 1 1 0 2 2 1 1 1 1 1 0 0 0 0 0 0 0 0 0 0 0 0 1 2 1 1 "1"
"123" 231 9.43 104.33 62.784 4 4 1 3 0 1 2 3 0 0 1 1 0 3 1 2 0 0 0 1 1 0 0 0 0 0 0 1 1 0 0 0 0 0 0 0 0 0 2 0 0 0 0 0 0 0 0 0 0 0 0 0 1 1 0 0 0 0 1 1 "2"
"124" 220 9.34 84.39 64.523 2 2 2 2 1 1 1 1 0 2 0 1 0 0 0 0 0 1 2 1 0 0 0 1 0 0 0 0 0 0 0 0 0 0 0 0 0 0 1 0 0 0 0 0 0 0 0 0 0 0 0 0 0 0 0 0 0 0 0 0 "2"
"125" 147 13.34 9.35 6.332 1 8 3 3 1 1 4 2 4 1 1 3 0 1 1 2 2 2 1 2 1 1 0 2 0 0 1 0 0 0 0 0 0 0 0 0 1 2 1 0 0 1 2 2 1 0 0 0 0 0 0 1 0 0 0 0 0 1 0 0 "1"
"126" 71 11.71 0.11 0 3 4 6 1 1 2 5 1 4 0 2 1 4 3 2 2 1 2 3 2 1 0 0 0 1 1 0 1 0 0 3 1 0 0 0 0 0 0 1 0 0 1 2 1 0 0 1 0 1 1 2 1 1 0 0 0 1 0 0 1 "1"
"127" 356 11.53 23.42 5.9 2 2 2 1 1 2 1 2 3 2 1 2 3 3 0 1 0 1 1 1 1 0 0 0 1 1 0 0 0 0 1 0 0 0 0 1 1 0 0 2 2 0 1 1 0 1 1 0 0 2 2 0 0 1 2 1 0 0 0 0 "4"
"128" 130 9.6 13.29 7.497 3 3 3 3 0 1 0 2 2 5 0 1 1 4 3 5 1 2 1 0 0 0 0 0 0 0 0 0 0 0 0 0 0 0 0 0 0 0 0 1 1 1 1 0 0 0 0 0 0 0 0 0 2 0 0 0 1 1 1 2 "1"
"129" 137 10.69 6.42 0.39 2 5 0 0 0 2 4 1 1 1 1 1 1 2 1 4 0 0 0 0 0 0 0 0 0 0 0 0 0 0 3 3 0 1 1 0 0 0 0 0 0 1 1 0 0 0 1 0 0 0 0 0 1 1 2 1 0 1 2 2 "1"
"130" 129 11.2 0 0 4 4 3 6 0 0 5 3 1 1 0 2 4 0 4 1 1 1 0 2 2 0 3 0 0 0 0 0 0 0 1 0 0 0 2 3 1 0 0 0 0 0 0 0 0 0 1 1 2 2 0 0 0 0 0 0 2 0 0 0 "1"
"131" 235 11 5.67 2.671 5 3 4 1 1 0 4 1 1 1 1 2 4 3 1 3 1 1 2 2 1 0 0 0 0 0 0 0 0 0 1 0 0 0 0 1 1 0 0 0 0 0 0 0 0 0 1 2 2 0 1 1 2 2 1 1 0 1 0 1 "2"
"132" 57 11.49 0.29 0 2 10 8 2 1 1 3 3 3 3 3 3 0 1 1 7 1 3 2 0 0 0 0 1 1 0 0 0 0 0 1 1 0 0 0 0 0 2 3 0 1 1 2 1 0 0 0 0 0 0 0 0 0 0 0 0 0 1 1 2 "1"
"133" 28 11.78 0 0 0 11 6 4 0 0 5 3 3 5 2 0 2 3 1 6 2 1 2 2 1 0 3 0 0 0 0 0 0 0 1 1 0 1 1 1 1 1 1 0 1 0 0 0 2 0 0 0 0 2 1 0 2 0 0 0 0 1 1 0 "1"
"134" 25 9.57 48.38 38.433 1 0 2 1 0 0 1 3 3 0 0 1 2 0 1 2 0 0 1 2 1 1 1 0 0 0 0 0 0 0 0 0 0 1 1 0 0 0 0 0 0 2 2 1 0 0 0 0 0 0 0 0 0 0 0 0 0 0 0 0 "3"
"135" 116 10.47 0.31 0.314 2 4 4 1 0 3 2 5 2 0 2 0 1 3 0 3 3 1 1 1 0 1 1 0 0 0 0 1 1 1 1 1 1 2 1 0 0 1 1 0 0 2 1 0 0 1 1 0 0 0 0 1 0 2 2 0 0 0 0 0 "1"
"136" 183 9.95 19.01 19.011 2 3 2 1 0 3 5 1 1 2 0 1 2 5 1 5 1 0 0 0 0 0 0 1 0 0 0 1 1 0 2 1 0 0 0 0 1 2 1 0 0 0 0 2 0 0 0 0 0 0 0 0 0 2 4 2 0 0 1 1 "2"
"137" 299 12.62 1.22 1.219 5 5 7 1 1 3 4 6 3 2 4 1 0 4 3 8 0 0 0 3 3 0 0 0 0 0 1 1 1 0 2 2 0 0 0 2 3 2 2 0 1 0 2 3 0 2 0 0 0 0 0 0 0 2 3 1 2 3 2 1 "4"
"138" 311 12.37 2.47 2.468 3 5 6 2 1 3 5 3 3 2 2 1 3 3 2 3 2 1 2 2 0 0 0 1 1 1 0 1 2 1 0 0 1 1 1 2 1 0 0 1 0 0 1 1 0 1 2 2 0 1 0 0 2 0 1 1 0 0 0 1 "4"
"139" 198 99.99 21.01 4.8 3 1 1 2 1 2 1 1 1 2 2 0 1 1 1 2 1 1 0 0 0 0 1 0 0 0 0 0 0 0 1 1 0 0 0 0 1 1 0 0 0 1 1 0 0 0 0 1 1 0 1 1 0 0 0 0 0 0 0 1 "2"
"140" 62 9.34 14.31 7.264 1 0 2 1 0 0 7 0 0 3 0 1 1 1 1 0 0 1 2 1 0 0 0 0 0 0 0 0 0 0 2 0 0 0 0 0 0 0 0 0 0 0 0 0 0 0 0 1 1 0 0 1 0 0 0 0 0 0 0 0 "1"
"141" 312 12.52 0.03 0.034 5 2 1 1 2 4 2 2 7 3 1 3 1 1 0 2 0 0 0 2 2 2 0 1 0 0 1 2 3 1 0 0 0 1 1 1 1 0 0 2 2 2 2 1 0 1 0 1 1 0 0 0 0 0 0 0 0 0 0 1 "4"
"142" 164 11.15 3 2.997 4 0 10 2 2 3 0 1 6 1 1 0 0 2 2 3 3 4 2 0 0 0 1 1 0 0 0 1 0 0 0 0 0 0 0 0 0 0 0 0 1 2 4 2 0 0 0 0 0 0 0 2 0 0 0 0 0 0 1 1 "2"
"143" 554 12.85 0 0 0 8 3 0 0 3 7 4 4 0 0 1 1 3 2 3 0 1 2 1 0 0 0 0 0 0 0 1 1 0 2 1 1 1 0 0 1 2 1 1 0 0 0 3 0 0 1 0 0 0 0 0 2 2 1 0 0 1 0 0 "5"
"144" 427 11.59 6.21 0.179 3 0 3 0 1 1 1 0 1 1 0 0 3 2 0 5 0 0 1 1 0 1 0 0 1 1 0 0 0 0 3 3 0 0 0 0 0 0 0 0 0 0 2 2 0 0 0 0 2 2 0 1 0 1 1 0 0 1 1 3 "4"
"145" 394 13.8 1.23 1.23 3 5 6 1 2 2 4 2 3 0 0 3 3 5 2 7 1 2 4 2 0 0 0 0 1 1 0 2 1 0 4 3 0 0 0 0 2 2 0 1 1 2 1 0 0 0 0 0 1 2 2 0 0 2 2 0 0 1 2 2 "4"
"146" 195 11.92 0.16 0.157 1 5 2 2 1 2 4 2 5 2 2 5 2 0 3 3 2 2 0 1 1 1 0 1 0 0 0 1 2 1 2 2 0 0 0 0 1 1 0 0 0 2 0 2 0 0 1 1 1 0 0 0 0 0 0 0 1 1 1 0 "2"
"147" 642 10.12 0 0 2 6 7 3 3 2 1 2 5 2 1 1 2 1 0 6 3 1 0 1 1 0 1 0 1 1 0 0 1 1 0 0 0 0 0 1 1 1 1 0 0 1 1 2 0 1 0 1 2 1 0 0 0 0 0 0 0 0 1 1 "5"
"148" 597 11.25 0.07 0.075 2 4 9 3 2 1 2 2 7 2 1 1 3 0 0 6 2 3 2 1 1 1 0 0 0 0 0 1 0 0 1 0 0 0 0 1 1 1 1 0 1 1 1 2 0 0 0 1 1 1 0 0 0 0 0 0 0 0 2 4 "5"
"149" 552 9.58 40.69 18.892 2 4 6 2 2 1 3 4 4 3 0 2 3 2 0 4 3 2 1 2 1 0 0 1 0 1 1 0 0 0 1 0 0 0 0 0 3 3 0 0 0 1 1 1 0 0 0 0 2 4 0 0 0 0 0 0 0 1 0 1 "5"
"150" 202 12.88 1.2 0 3 4 4 2 0 3 1 5 6 2 0 1 2 2 2 10 1 2 2 4 3 1 0 0 0 0 0 0 1 1 0 0 0 1 2 1 0 0 0 0 0 2 3 2 0 0 0 0 0 0 1 1 1 1 0 0 1 2 3 4 "2"
"151" 355 10.26 23.52 15.071 1 8 3 1 1 4 0 3 4 2 0 2 1 2 0 5 1 1 0 1 1 0 0 0 0 0 0 1 0 0 0 0 0 0 0 0 0 2 3 0 1 1 0 2 0 0 0 1 1 0 0 0 1 0 0 0 0 0 1 1 "4"
"152" 340 9.16 1.07 0 4 3 4 1 1 4 4 5 3 1 1 2 5 3 4 4 1 1 2 1 0 0 0 1 0 0 0 2 2 1 2 0 0 0 1 2 2 3 2 0 0 1 1 3 0 0 2 2 1 1 0 1 0 1 1 0 1 1 2 1 "4"
"153" 205 11 0.53 0.311 3 4 4 1 0 3 2 3 1 4 0 1 1 0 0 5 2 2 1 1 1 0 0 1 0 0 0 3 2 0 0 0 1 2 1 0 1 1 1 0 0 1 0 0 0 0 0 0 0 1 0 0 0 1 1 0 0 1 1 0 "2"
"154" 13 99.99 58.88 16.766 1 3 2 1 1 0 3 0 1 2 2 0 0 1 0 4 1 0 0 1 1 0 1 0 0 0 0 0 0 0 0 0 0 0 0 0 0 0 0 0 0 0 1 1 1 0 0 0 0 0 0 0 1 0 0 0 0 0 2 3 "1"
"155" 415 13.27 0.07 0 2 7 6 1 0 4 4 1 5 5 1 1 2 8 1 2 1 0 2 4 2 0 0 0 0 0 0 1 2 1 2 0 0 0 0 0 0 0 0 1 2 2 2 0 0 0 0 1 2 2 0 0 4 4 1 0 0 0 1 2 "4"
"156" 188 10.67 0 0 3 5 3 2 0 4 5 1 3 3 0 4 2 6 2 2 1 0 0 1 1 0 2 0 0 0 0 1 1 0 1 0 0 0 0 0 0 0 0 1 1 1 1 0 0 0 0 2 2 0 0 0 0 2 4 2 0 1 0 0 "2"
"157" 64 9.17 83.74 55.171 1 2 1 1 0 0 1 0 1 0 0 1 3 0 2 2 0 0 1 1 0 0 0 1 0 0 0 0 0 0 0 0 0 0 0 0 0 0 0 1 1 0 0 0 0 0 0 0 0 0 0 0 0 0 0 0 1 0 0 0 "3"
"158" 56 10.16 14.8 6.165 1 3 3 1 0 2 1 1 3 1 1 0 2 1 2 2 2 2 1 1 0 0 0 0 0 0 1 1 0 0 0 0 0 0 0 0 0 0 0 0 0 1 1 0 1 0 0 0 1 2 0 0 0 1 1 0 0 1 1 1 "1"
"159" 484 18.58 0 0 5 5 8 3 1 1 5 6 6 0 6 3 3 6 4 3 2 3 4 4 1 0 1 0 0 0 1 1 0 0 3 2 0 0 0 0 2 4 3 0 0 0 1 3 1 0 2 1 0 1 0 0 4 0 2 2 2 2 2 0 "5"
"160" 582 13.35 1.68 0.247 4 4 4 3 0 3 6 2 1 1 1 2 2 5 1 4 0 0 2 4 2 0 2 0 0 0 0 0 1 1 2 1 2 2 0 0 0 0 0 1 0 0 0 0 1 0 1 0 0 0 0 0 3 4 2 0 0 0 1 2 "5"
"161" 84 15.32 0.88 0.392 6 4 3 3 2 0 9 5 6 0 5 2 4 2 3 4 2 0 1 1 0 0 1 0 0 0 0 0 0 0 1 0 1 1 0 1 1 1 2 0 1 2 3 3 0 1 0 0 0 2 1 0 0 0 0 0 0 1 1 0 "1"
"162" 386 9.26 31.43 31.133 4 1 5 1 0 3 2 2 4 3 0 2 2 1 0 0 1 1 0 2 2 0 0 0 0 0 0 0 1 1 2 0 0 0 0 0 0 1 2 1 1 0 3 3 0 0 0 0 0 0 0 0 0 1 1 0 0 0 0 0 "4"
"163" 135 10.72 0 0 1 1 2 1 0 7 2 2 3 4 0 0 0 2 3 2 1 1 0 0 0 1 0 0 0 0 0 2 1 0 0 0 0 0 0 0 1 2 1 0 0 0 2 2 0 0 0 0 0 0 0 1 1 0 0 0 1 0 0 1 "1"
"164" 139 9.71 0.85 0.801 3 3 3 1 0 3 3 2 6 2 1 2 1 4 0 2 0 1 2 1 0 0 0 0 0 0 0 0 1 1 2 1 0 0 0 1 2 1 0 4 3 2 2 1 0 0 1 0 0 0 1 1 1 2 1 0 0 0 0 1 "1"
"165" 323 11.25 13.52 7.302 4 6 4 5 1 2 5 3 6 3 0 2 6 8 0 5 1 1 0 1 1 0 0 2 0 0 0 1 1 1 2 1 0 0 0 1 1 0 0 0 1 2 4 3 0 0 2 2 1 1 0 0 2 4 3 1 0 1 1 1 "4"
"166" 214 11.53 9.75 8.466 5 4 8 1 0 2 2 6 9 2 2 0 4 5 0 4 3 6 4 3 2 0 0 0 0 0 0 1 0 0 1 0 0 1 1 0 1 3 2 1 1 3 1 4 1 0 1 0 1 1 0 0 2 2 1 1 0 1 2 1 "2"
"167" 163 9.36 26 24.659 4 3 1 1 0 3 1 2 2 4 0 1 1 5 3 3 1 0 0 0 0 0 0 0 0 0 0 1 1 0 0 0 0 0 0 0 0 0 2 0 0 0 1 1 0 0 1 1 0 0 1 1 2 0 1 1 1 1 3 2 "2"
"168" 201 10.77 0 0 2 3 2 1 1 2 2 9 1 5 2 1 2 2 1 0 0 1 2 1 0 1 0 0 1 0 0 2 1 0 0 0 3 4 2 1 0 0 1 0 0 0 0 0 0 0 0 0 0 0 0 1 0 1 1 0 0 0 0 0 "2"
"169" 154 9 5.63 0.72 1 4 1 0 0 0 0 5 2 4 0 1 1 3 2 0 0 0 0 0 0 1 0 0 0 0 0 0 0 0 1 1 0 0 0 0 3 3 0 0 0 1 0 1 0 0 0 0 1 1 0 1 1 0 0 0 1 0 0 0 "2"
"170" 179 9.98 26.92 23.79 4 2 2 0 0 2 1 3 3 4 0 1 1 5 1 2 1 1 0 0 0 0 0 0 0 0 0 0 0 0 0 0 0 0 0 0 1 1 0 0 1 0 1 2 0 1 0 0 1 1 0 1 2 0 1 1 0 0 0 0 "2"
"171" 245 13.85 7.61 5.556 6 9 6 3 1 1 2 6 6 3 1 3 0 5 5 8 1 1 1 3 2 1 0 0 1 1 0 1 0 0 2 2 1 4 4 1 0 0 0 1 1 2 2 2 0 0 0 0 0 0 0 0 1 1 1 0 0 3 1 0 "2"
"172" 117 8.84 40.95 28.486 0 6 2 0 0 1 4 1 4 1 1 2 1 1 1 10 0 0 0 1 1 1 0 1 0 0 0 1 0 0 0 0 0 0 0 0 0 1 1 1 0 0 3 3 0 0 0 1 1 0 1 0 0 0 0 0 1 0 2 2 "3"
"173" 527 10.76 29.66 21.372 5 0 3 2 0 2 0 3 3 4 1 0 1 1 1 6 0 1 1 0 0 1 0 0 0 0 0 1 1 0 1 1 1 1 0 0 0 1 1 2 1 0 1 1 1 0 0 0 0 1 0 0 1 1 0 0 0 2 1 2 "5"
"174" 264 12.88 0.01 0 6 6 5 3 2 1 4 5 7 2 1 3 1 5 6 7 2 1 2 2 1 1 0 0 1 1 0 0 0 0 2 2 1 2 1 0 1 2 2 0 0 3 5 4 0 0 0 0 0 1 1 0 2 3 2 1 1 1 1 0 "2"
"175" 60 10.65 7.29 3.028 3 4 4 1 1 4 3 2 4 3 3 1 1 0 0 2 2 3 1 0 0 1 0 0 1 1 0 0 1 1 0 0 0 0 0 0 0 0 1 0 1 1 2 2 1 1 1 0 1 1 0 0 0 0 0 0 0 0 0 0 "1"
"176" 46 10.87 0.16 0 4 3 3 1 1 2 1 5 4 4 4 2 1 1 2 3 1 2 1 0 0 0 0 0 1 1 0 1 0 0 1 0 0 2 2 0 1 2 1 1 0 1 1 2 0 0 0 0 0 0 0 1 0 0 0 0 1 0 0 1 "1"
"177" 232 13.68 0.1 0.098 5 5 1 0 1 3 5 3 2 1 0 7 0 3 4 0 0 0 0 0 0 1 0 2 0 0 0 1 1 0 0 0 0 1 1 0 1 1 0 0 0 1 0 1 0 1 0 0 0 0 0 1 1 2 1 0 5 0 0 0 "2"
"178" 358 11.48 0.32 0.316 4 4 2 1 1 4 3 2 4 1 1 1 1 1 1 1 0 0 1 1 0 2 0 1 0 0 0 1 2 1 0 0 0 0 0 1 1 0 1 1 0 1 1 1 1 0 0 1 1 0 0 0 1 1 0 0 0 1 1 0 "4"
"179" 204 11.17 0 0 5 3 4 1 0 3 3 5 4 2 2 1 1 1 3 0 0 0 2 3 1 2 0 0 0 0 0 0 1 1 0 0 0 0 1 1 0 1 2 1 1 1 1 0 0 0 0 0 0 1 0 0 1 0 0 0 0 0 0 0 "2"
"180" 376 12.23 0 0 4 7 6 1 3 0 2 7 6 1 6 3 7 2 2 5 3 4 1 1 1 0 0 1 0 0 1 0 0 0 1 1 1 1 0 0 1 3 3 0 0 2 5 3 4 1 1 3 4 1 0 0 0 1 2 1 0 1 2 1 "4"
"181" 275 9.16 20.48 1.85 2 4 4 0 0 2 3 2 6 1 2 2 2 4 1 4 0 0 2 4 2 1 0 1 0 0 0 1 0 0 1 1 0 0 0 0 0 1 1 0 0 2 2 3 0 2 1 0 0 0 1 1 2 0 1 1 1 2 2 1 "2"
"182" 402 10.88 7.72 0 4 0 5 0 0 2 4 3 6 5 2 3 1 4 0 4 3 1 1 1 0 0 0 0 0 0 0 1 0 0 0 0 0 0 1 2 1 1 1 0 0 2 3 2 0 0 0 0 0 0 0 1 1 0 0 0 0 0 0 1 "4"
"183" 67 12.82 0 0 4 5 0 0 0 2 3 5 4 3 1 6 4 4 2 9 0 0 0 0 0 0 0 0 0 0 0 0 1 1 1 1 0 1 2 1 1 1 1 1 1 1 1 1 0 0 0 0 2 3 0 2 1 1 1 1 1 1 1 1 "1"
"184" 95 9.7 36.24 5.924 1 6 1 4 1 0 8 1 1 2 1 3 4 1 1 3 0 1 1 0 0 0 1 1 0 0 0 0 0 0 3 1 0 0 0 0 0 0 1 0 0 0 1 1 1 0 0 1 1 0 0 0 0 1 1 0 1 0 1 1 "1"
"185" 53 11.92 2.36 1.414 2 7 4 3 0 2 3 6 6 2 4 1 2 4 1 8 1 1 1 2 1 1 1 0 0 0 0 1 0 0 2 1 0 2 2 0 0 1 1 1 2 1 2 3 1 1 0 0 0 0 2 2 1 0 1 1 0 2 3 2 "1"
"186" 142 11.55 2.29 1.09 2 5 4 0 1 3 3 1 5 3 1 0 2 0 2 5 0 1 2 2 1 0 0 0 0 0 0 1 2 1 0 0 0 0 0 0 0 0 1 1 1 2 2 1 0 1 1 0 0 1 0 0 0 0 1 1 0 1 1 2 "1"
"187" 256 9.51 28.4 13.237 2 0 2 1 1 1 3 1 1 3 0 0 0 1 0 0 2 1 0 0 0 1 0 0 0 0 1 0 0 0 1 1 0 0 0 0 1 2 1 0 0 1 1 0 0 0 0 0 0 0 0 0 1 1 0 0 0 0 0 0 "2"
"188" 58 10.6 5.6 5.604 4 2 3 3 0 5 2 1 3 2 1 1 2 3 1 1 0 1 3 2 0 0 2 0 0 0 0 1 1 0 2 2 0 0 0 1 1 0 0 0 1 1 1 0 0 0 1 2 1 0 1 1 1 2 1 0 0 0 1 1 "1"
"189" 101 12.65 0 0 3 4 8 0 0 3 5 2 8 3 0 0 0 2 2 5 2 2 6 5 1 0 0 0 0 0 0 0 0 0 0 0 0 0 0 1 1 1 1 3 2 3 1 2 0 0 0 0 0 0 1 1 0 1 1 0 0 0 1 2 "1"
"190" 98 99.99 2.14 1.969 3 10 4 2 1 3 4 6 6 0 1 5 2 3 2 2 1 3 5 3 0 0 2 0 0 0 0 0 0 0 2 1 0 0 1 2 3 2 1 0 1 1 1 0 1 0 0 0 0 0 2 1 0 1 1 0 2 0 0 0 "1"
"191" 74 99.99 4.68 0 3 8 5 2 1 4 3 5 5 0 1 5 0 4 2 2 0 3 5 3 1 0 1 0 0 0 0 0 0 0 1 1 0 0 1 1 2 3 2 0 1 1 0 0 1 0 0 0 0 0 2 0 1 1 0 0 2 0 1 1 "1"
"192" 75 11.33 1.79 0.185 2 5 4 0 1 3 4 1 1 1 0 2 1 3 2 7 0 1 2 1 0 0 0 0 1 1 0 1 1 0 1 1 0 0 0 0 0 0 0 0 0 1 1 1 0 1 0 0 0 0 0 0 2 1 1 1 1 3 2 2 "1"
"193" 8 10.08 19.49 18.178 3 0 5 0 0 8 0 0 5 4 3 0 0 0 1 5 1 2 2 1 1 0 0 0 0 0 0 1 1 1 0 0 0 0 0 0 0 0 0 1 1 0 0 3 2 0 0 0 0 0 0 0 0 0 0 0 0 1 1 1 "1"
"194" 175 12.14 4.84 1.986 1 7 3 0 0 3 1 5 6 0 1 4 3 6 3 5 2 2 0 0 0 1 0 0 0 0 0 0 1 1 0 0 0 2 2 1 1 0 1 0 3 0 1 1 0 1 2 2 0 0 0 0 1 2 3 1 1 1 2 2 "2"
"195" 272 9.47 0 0 4 5 7 3 2 1 2 0 6 2 3 1 4 4 3 9 4 2 1 3 2 0 0 0 0 0 0 0 0 0 3 1 0 0 0 0 0 0 1 0 2 2 2 0 0 2 1 0 1 1 1 1 2 3 1 0 1 1 3 4 "2"
"196" 69 12.68 2.02 0.15 3 9 1 1 1 1 7 5 3 2 4 7 3 4 1 7 0 0 1 1 0 0 0 1 0 1 1 0 0 0 1 1 0 0 2 3 2 1 1 1 1 0 0 1 2 1 0 0 0 1 0 0 1 0 1 1 0 0 0 1 "1"
"197" 168 11.57 0 0 1 5 3 0 1 2 4 4 3 1 1 7 1 2 0 1 1 1 2 2 0 1 0 0 0 0 0 0 1 1 2 1 0 1 1 0 0 1 3 0 0 1 0 2 1 0 1 0 1 1 0 1 0 0 2 2 0 1 1 0 "2"
"198" 76 12.57 5.64 0.686 6 6 3 0 3 4 5 3 1 7 1 1 2 2 1 6 0 0 0 1 1 1 0 0 1 0 1 1 2 1 0 0 1 2 1 0 0 0 0 0 0 0 0 0 0 0 0 0 1 1 0 0 1 1 1 0 0 3 5 2 "1"
"199" 93 10.41 10.39 3.884 4 5 2 0 3 2 2 3 2 5 2 1 1 3 1 6 0 0 0 1 1 0 0 0 1 1 0 0 0 0 2 1 0 0 0 0 2 2 0 1 0 1 1 0 0 1 0 0 0 0 0 0 1 1 2 2 0 1 0 2 "1"
"200" 23 20 0 0 6 6 5 1 4 2 5 4 3 4 2 3 2 2 1 7 1 0 1 3 2 0 0 0 0 0 2 1 0 0 4 1 0 1 1 1 1 0 1 1 0 0 1 1 0 1 0 1 1 0 1 1 0 0 0 0 0 2 1 1 "1"
"201" 114 9.43 58.68 40.948 3 3 2 1 0 0 2 3 1 1 4 2 0 3 3 2 1 0 0 0 0 0 0 1 0 0 0 0 0 0 0 0 0 0 0 0 0 0 1 0 0 0 0 0 1 1 0 0 0 1 0 0 0 0 1 1 0 0 0 0 "3"
"202" 139 9.9 12.64 7.666 3 4 4 2 0 5 2 2 2 0 0 2 1 2 1 4 1 3 3 1 0 0 0 0 0 0 0 3 4 1 0 0 1 1 0 0 0 0 0 0 0 1 0 0 0 0 0 0 0 1 0 1 1 1 0 0 0 1 0 0 "1"
"203" 245 10.1 5.48 5.478 4 3 6 2 1 0 3 2 2 3 0 3 3 2 1 4 1 3 2 1 1 0 1 0 0 1 1 0 0 0 2 0 0 1 1 0 0 0 1 0 1 0 0 0 0 0 0 0 0 1 0 1 0 0 0 0 0 1 1 3 "2"
"204" 273 13.15 0 0 4 4 6 2 1 0 7 2 3 6 0 4 3 3 1 8 2 5 4 1 0 0 0 0 0 1 1 0 0 0 2 2 0 1 1 0 0 0 1 0 0 1 1 2 0 0 0 0 1 2 0 0 1 0 1 1 0 2 3 2 "2"
"205" 154 14.57 0.34 0 5 7 6 3 0 5 5 6 6 2 1 2 4 1 2 9 0 0 1 1 0 1 1 1 0 0 0 2 1 0 3 0 0 3 3 1 2 1 0 0 1 2 1 1 0 1 1 1 1 0 0 0 1 0 0 0 0 0 2 3 "2"
"206" 82 12.26 0.12 0 5 5 9 3 0 2 5 4 6 3 4 1 0 1 0 11 3 3 3 3 1 1 0 3 0 0 0 0 0 0 3 1 0 0 0 1 2 3 3 1 2 0 2 3 0 2 0 0 0 0 0 0 1 1 0 0 0 1 3 2 "1"
"207" 254 11.52 0.1 0 4 4 6 3 1 1 5 6 3 2 1 0 1 8 3 6 1 1 1 1 1 0 2 0 0 0 0 0 0 0 3 1 0 0 2 2 0 0 0 0 0 1 1 2 0 0 0 1 1 0 3 3 1 1 2 1 0 0 0 0 "2"
"208" 26 -1 -1 -1 4 4 6 3 1 1 5 6 3 2 1 0 1 8 3 6 1 1 1 1 1 0 2 0 0 0 0 0 0 0 3 1 0 0 2 2 0 0 0 0 0 1 1 2 0 0 0 1 1 0 3 3 1 1 2 1 0 0 0 0 "1"
"209" 38 -1 -1 -1 4 4 6 3 1 1 5 6 3 2 1 0 1 8 3 6 1 1 1 1 1 0 2 0 0 0 0 0 0 0 3 1 0 0 2 2 0 0 0 0 0 1 1 2 0 0 0 1 1 0 3 3 1 1 2 1 0 0 0 0 "1"
"210" 502 13.76 0.47 0 4 5 1 1 2 5 3 3 6 1 3 5 1 3 1 3 1 0 0 0 0 1 1 0 0 1 1 1 2 2 1 1 0 0 0 1 1 0 2 0 0 2 4 4 2 0 0 0 0 1 1 1 0 0 1 1 0 0 0 1 "5"
"211" 411 11.07 27.45 0 3 1 0 0 0 5 2 1 7 3 1 1 2 0 0 4 0 0 0 0 0 0 0 0 0 0 0 2 2 2 0 0 0 0 0 0 0 2 2 1 1 2 1 1 0 1 0 1 1 0 0 0 0 0 0 0 0 1 1 2 "4"
"212" 184 12.94 0 0 2 5 3 1 1 1 3 4 2 4 1 2 3 0 5 6 1 3 2 0 0 0 0 0 0 0 0 0 0 0 1 1 0 0 1 1 0 2 3 0 0 2 2 0 0 0 0 0 1 1 0 0 0 0 0 0 1 0 1 2 "2"
"213" 53 9.03 97.97 57.209 1 0 1 0 1 2 1 3 1 0 0 0 0 2 0 1 0 0 0 0 0 1 0 0 0 0 0 0 0 0 0 0 0 0 0 0 0 0 0 0 0 1 1 0 0 0 0 0 0 0 0 0 1 1 1 0 0 0 0 0 "3"
"214" 141 -1 -1 -1 1 0 1 0 1 2 1 3 1 0 0 0 0 2 0 1 0 0 0 0 0 1 0 0 0 0 0 0 0 0 0 0 0 0 0 0 0 0 0 0 0 1 1 0 0 0 0 0 0 0 0 0 1 1 1 0 0 0 0 0 "1"
"215" 42 8.71 25.19 5.693 3 2 1 2 0 2 2 2 5 3 0 3 0 2 4 2 0 1 1 0 0 0 0 1 0 0 0 0 0 0 0 0 0 0 0 0 1 1 1 1 1 1 0 2 0 0 0 0 0 0 0 1 1 0 0 0 1 0 0 0 "1"
"216" 89 9.08 94.31 51.135 4 0 1 2 0 0 1 1 1 1 2 0 2 2 2 1 0 1 1 0 0 0 0 0 0 0 0 0 0 0 0 0 0 0 0 0 1 1 0 0 0 0 0 0 1 0 1 1 0 0 0 1 0 0 0 0 0 0 0 0 "3"
"217" 341 13.37 1.73 0.129 6 3 5 2 1 2 3 2 7 2 0 2 3 3 2 4 3 2 1 2 1 1 0 1 0 1 1 1 0 0 3 2 0 0 1 1 1 1 0 1 3 0 2 4 0 0 2 2 1 0 2 1 0 0 0 0 0 1 0 0 "4"
"218" 76 12.3 0 0 3 8 11 1 0 1 5 3 5 1 0 5 2 5 4 6 4 3 3 5 2 0 0 0 0 0 0 0 0 0 2 2 1 1 0 2 2 0 0 1 1 1 2 4 0 0 1 1 1 1 2 1 1 2 2 1 2 1 4 3 "1"
"219" 260 8.02 14.47 10.895 7 3 5 4 0 2 6 0 4 1 1 1 2 5 3 2 2 1 2 3 1 0 1 2 0 0 0 1 1 0 3 3 0 0 0 0 0 1 1 0 0 1 2 2 0 0 0 1 2 1 0 1 2 2 1 0 0 0 0 0 "2"
"220" 432 14.28 4.42 1.119 5 9 9 4 0 3 8 1 6 1 2 3 2 3 3 4 0 2 4 3 1 0 0 3 0 0 0 1 1 1 4 3 0 0 0 0 0 1 1 0 1 4 3 0 0 0 0 0 1 2 0 0 1 1 2 1 1 2 2 0 "4"
"221" 293 10.81 27.51 0.231 2 5 7 0 0 2 5 5 3 0 0 2 3 5 1 2 2 0 2 3 1 0 0 0 0 0 0 0 1 1 2 0 1 1 0 2 2 1 1 0 1 0 0 2 0 0 0 0 0 1 1 1 1 2 2 1 0 0 0 1 "4"
"222" 525 12.31 7.59 2.098 3 3 5 3 0 5 1 2 4 3 4 0 2 3 0 3 1 2 2 1 0 0 1 0 0 0 0 1 1 1 0 0 0 0 0 2 2 0 0 1 1 1 1 1 1 0 1 1 1 1 0 0 1 1 2 2 0 0 1 1 "5"
"223" 94 9.55 30.02 25.906 1 4 3 1 0 2 1 2 3 2 1 2 3 1 0 5 1 2 1 0 0 0 1 0 0 0 0 0 0 0 0 0 0 0 0 1 1 0 0 0 0 0 2 2 0 1 0 0 0 1 1 1 0 0 0 0 0 2 2 0 "1"
"224" 187 17.1 1.03 0.509 5 9 1 1 2 3 6 3 12 1 1 2 4 6 1 6 0 0 1 1 0 1 1 0 1 1 0 0 1 1 3 3 0 0 0 0 2 3 2 0 1 1 3 6 0 0 2 3 2 1 0 0 3 4 2 0 0 2 3 1 "2"
"225" 403 12.85 1.87 1.208 6 2 3 2 2 2 3 3 5 1 1 0 2 4 0 7 2 1 0 2 2 1 0 0 1 1 1 1 1 0 2 1 0 0 1 2 1 0 0 0 0 0 1 2 1 0 0 0 0 1 0 0 3 3 0 0 0 1 0 0 "4"
"226" 520 13.12 3.42 0.295 6 0 8 0 1 4 2 5 10 3 2 2 1 2 1 5 4 3 2 3 2 1 0 0 1 1 0 1 2 1 1 0 0 1 2 2 1 1 2 0 0 2 5 5 0 1 1 1 0 0 0 0 2 1 0 0 0 1 0 0 "5"
"227" 489 10.42 6.37 6.366 3 3 2 3 0 1 8 1 5 1 1 0 4 2 1 3 0 1 1 1 1 0 0 0 0 0 0 0 0 0 3 1 0 0 1 1 0 0 0 1 1 0 1 1 1 1 1 1 1 1 0 0 1 0 2 2 1 0 0 1 "5"
"228" 76 7.64 1.13 0.006 3 3 6 0 1 1 4 1 4 1 0 1 3 3 0 7 3 3 1 2 1 0 0 1 0 0 0 0 0 0 1 0 0 0 0 0 0 0 0 0 1 1 1 2 0 0 2 1 0 0 1 1 0 1 2 1 0 1 2 2 "1"
"229" 575 11.22 3.61 0.762 5 0 5 2 0 4 1 4 8 2 0 3 2 3 1 2 2 0 0 0 0 0 0 1 0 0 0 2 1 1 1 1 0 0 1 1 0 2 3 1 1 3 1 3 0 0 0 0 0 0 1 1 0 0 1 1 0 0 1 1 "5"
"230" 114 10 28.51 9.675 4 2 3 2 0 3 2 2 5 2 2 0 0 1 1 0 0 2 2 0 0 1 1 0 0 0 0 1 1 0 0 0 0 0 0 1 1 1 2 2 3 0 0 1 0 2 0 0 0 0 0 0 1 1 0 0 0 0 0 0 "1"
"231" 114 9.34 25.05 22.309 3 3 4 2 0 4 0 3 3 5 2 1 3 1 1 0 2 3 2 0 0 0 1 0 0 0 0 2 1 0 0 0 0 0 0 0 1 2 1 0 0 1 3 2 0 1 1 1 1 1 0 0 0 1 1 0 0 0 0 0 "1"
"232" 497 10.47 40.58 30.067 4 0 1 0 1 4 1 2 4 2 1 0 1 3 0 1 0 0 0 0 0 1 0 0 1 0 0 3 1 0 1 1 0 1 1 0 0 1 1 0 0 2 3 2 1 0 0 0 0 0 0 0 1 1 0 0 1 0 0 0 "5"
"233" 384 11.01 14.69 12.074 4 3 5 0 1 4 1 4 5 1 3 1 2 4 0 3 2 1 0 1 1 1 0 0 0 0 0 1 1 1 1 0 0 0 1 2 1 0 0 0 1 0 1 2 0 1 1 1 1 1 0 0 1 1 1 0 0 1 1 0 "4"
"234" 106 10.09 79.16 53.556 5 2 2 0 0 1 7 5 0 4 1 0 4 0 0 3 0 0 0 2 2 0 0 0 0 0 0 0 0 0 1 1 0 1 2 1 0 1 3 0 0 0 0 0 0 0 1 3 3 1 0 0 0 0 0 0 0 0 0 0 "3"
"235" 81 9.38 54.23 1.85 2 3 2 2 0 3 2 3 3 3 1 2 3 1 0 1 1 0 0 0 0 0 0 1 0 0 0 0 1 1 0 0 0 0 1 1 0 1 1 0 0 2 2 2 0 0 1 1 1 0 0 0 0 0 0 0 0 0 0 0 "3"
"236" 199 7.43 28.5 21.404 2 4 1 2 0 0 2 2 1 1 1 3 1 2 0 1 1 1 0 0 0 0 0 0 0 0 0 0 0 0 0 0 0 0 1 1 0 0 0 0 0 1 1 0 0 0 0 0 0 0 0 0 1 1 0 0 0 0 0 1 "2"
"237" 102 99.99 1.86 0 1 0 3 0 1 3 0 0 1 1 0 1 0 0 1 1 0 1 1 0 0 0 0 0 0 0 0 1 0 0 0 0 0 0 0 0 0 0 0 1 0 0 0 0 0 0 0 0 0 0 0 0 0 0 0 0 1 0 0 1 "1"
"238" 93 99.99 23.79 5.981 1 0 3 0 1 2 0 0 1 1 0 1 0 0 0 1 2 1 0 0 0 0 0 0 0 0 0 0 0 0 0 0 0 0 0 0 0 0 0 0 0 0 0 0 0 0 0 0 0 0 0 0 0 0 1 1 0 0 0 1 "1"
"239" 382 13.43 0 0 4 4 0 1 1 0 4 1 4 0 3 2 3 3 5 5 0 0 0 0 0 1 0 0 1 0 0 0 1 1 1 0 0 0 0 0 0 1 1 0 0 2 1 2 0 0 0 1 1 1 1 0 0 1 2 1 3 2 2 1 "4"
"240" 537 10.25 9.32 6.039 6 2 7 3 0 4 2 0 6 2 0 1 3 6 0 8 1 2 2 3 2 0 0 1 0 0 0 2 2 0 1 1 0 0 0 0 0 0 0 0 0 2 2 0 0 0 1 0 0 0 1 0 1 1 2 1 0 1 1 1 "5"
"241" 448 11.1 2.39 1.658 7 4 3 1 0 2 4 7 6 2 3 1 2 3 4 4 1 2 2 2 1 0 1 1 0 0 0 0 1 1 3 3 1 1 2 2 0 0 1 1 1 1 0 1 0 1 0 0 1 2 0 1 0 0 1 1 1 1 1 1 "5"
"242" 249 11.3 1.57 0 2 5 4 2 0 2 5 3 7 3 0 0 1 1 2 4 2 3 2 0 0 0 0 1 0 0 0 1 1 0 3 3 0 0 0 0 2 3 2 1 0 2 2 2 0 0 0 0 1 1 0 0 0 1 1 0 1 2 1 1 "2"
"243" 249 9.8 18.2 10.645 0 6 2 0 2 3 5 1 3 3 0 0 3 1 0 2 2 1 0 0 0 1 0 0 0 0 2 2 2 1 0 0 0 0 0 0 0 0 0 1 1 1 0 0 0 0 0 0 0 0 1 1 0 0 0 0 0 0 0 0 "2"
"244" 293 10.97 42.97 4.16 1 6 1 1 0 3 2 2 2 1 0 2 1 3 0 3 1 0 0 0 0 2 0 1 0 0 0 1 2 1 1 0 1 2 1 0 0 0 0 0 0 0 1 2 0 0 1 1 0 0 2 1 1 0 0 0 0 0 0 2 "4"
"245" 201 13.62 0 0 3 8 3 1 1 1 5 4 7 4 1 3 2 2 1 13 1 0 0 2 2 0 0 1 0 0 0 0 1 1 2 2 0 0 0 0 0 0 0 0 0 3 2 2 0 0 0 1 1 0 0 0 0 1 1 0 0 5 6 3 "2"
"246" 17 13.22 4.17 3.378 5 4 6 0 1 1 6 3 8 2 3 2 2 5 2 5 1 0 0 2 2 0 0 0 0 0 0 1 1 0 0 0 0 0 1 1 0 0 0 0 1 2 3 3 0 2 0 0 1 1 0 0 2 3 1 0 1 0 2 2 "1"
"247" 27 12.31 1.09 0.915 1 5 4 2 1 1 2 4 6 2 2 3 1 1 1 9 0 2 3 1 0 1 0 0 0 0 0 1 1 0 1 0 0 1 1 0 0 0 2 1 1 2 2 2 0 1 0 0 1 1 0 0 1 0 0 0 0 1 1 2 "1"
"248" 48 10.48 11.72 3.851 0 5 0 0 1 2 2 2 2 2 1 3 1 1 2 5 0 0 0 0 0 0 0 0 0 0 1 1 0 0 0 0 0 0 0 0 1 2 1 1 2 0 0 0 0 0 0 0 0 1 0 0 0 1 1 0 0 1 2 2 "1"
"249" 94 9.97 49.31 22.121 0 6 0 3 1 2 2 3 3 1 1 4 2 2 0 3 0 0 0 0 0 0 2 0 0 0 1 1 1 0 0 0 0 0 0 1 1 1 1 0 1 0 0 1 0 0 0 1 1 1 0 0 1 0 0 0 0 1 0 0 "3"
"250" 101 9.38 57.38 41.307 3 2 0 0 0 1 0 3 0 1 0 0 2 1 1 1 0 0 0 0 0 0 0 0 0 0 0 0 0 0 1 1 0 0 0 0 0 0 0 0 0 0 0 0 0 0 1 0 0 0 0 0 0 0 1 1 0 0 0 0 "3"
"251" 160 9.31 41.97 37.349 2 5 0 1 1 0 2 1 6 6 1 2 1 0 2 3 0 0 0 0 0 0 0 0 0 0 0 0 1 1 0 0 0 0 0 1 1 0 0 0 2 1 0 2 1 0 0 0 0 0 0 0 0 0 0 0 0 0 0 0 "3"
"252" 72 9.43 48.88 42.409 2 4 5 1 0 2 4 2 2 3 0 0 1 0 0 3 1 1 1 0 0 0 0 0 0 0 0 1 1 0 1 0 0 0 0 0 0 1 1 0 0 0 1 1 0 0 0 1 1 0 0 0 0 0 0 0 0 1 0 2 "3"
"253" 83 14.81 5.44 0.211 4 2 4 1 5 3 3 1 4 2 3 1 0 0 2 3 0 1 3 2 0 0 1 0 2 1 0 0 1 1 0 0 0 0 0 0 0 0 0 1 0 1 0 2 0 0 0 0 0 0 0 0 0 0 0 0 1 0 0 1 "1"
"254" 113 5.99 9.08 8.129 3 5 2 2 6 2 0 1 3 1 2 4 2 3 2 3 0 1 1 2 2 2 0 1 1 1 1 1 0 0 0 0 0 0 0 0 1 1 0 2 1 1 0 0 1 0 0 2 2 0 0 0 3 2 0 0 0 1 1 0 "1"
"255" 11 9.28 78.37 56.323 1 1 2 0 0 0 2 1 4 1 0 0 1 0 1 0 0 1 1 0 0 0 0 0 0 0 0 0 0 0 1 0 0 0 1 1 0 0 0 0 0 2 1 0 0 0 0 1 1 0 0 0 0 0 0 0 0 0 0 0 "3"
"256" 357 12.78 0 0 1 14 6 4 1 2 3 10 5 1 1 1 4 1 1 5 2 2 2 3 1 1 0 3 0 1 1 1 1 1 2 1 1 1 1 1 4 4 3 2 0 1 0 1 0 1 0 1 2 1 0 0 0 1 1 0 0 2 1 0 "4"
"257" 122 10.05 32.44 25.517 2 4 2 1 0 1 3 2 3 1 0 5 3 2 3 5 0 0 2 2 0 1 0 0 0 0 0 1 0 0 0 0 0 0 0 0 0 1 1 0 0 2 0 1 0 0 0 2 2 0 0 1 1 0 0 0 1 2 0 0 "3"
"258" 158 11.35 31.75 29.844 7 2 6 2 0 2 5 4 5 3 0 0 1 4 1 4 2 1 1 2 1 0 1 0 0 0 0 0 0 0 1 0 0 0 0 1 1 1 3 1 0 1 1 0 0 0 1 0 0 0 0 0 1 1 1 1 0 1 1 1 "2"
"259" 21 -1 -1 -1 2 0 4 0 5 1 0 0 1 1 0 0 2 0 0 1 0 1 1 0 0 0 0 0 2 1 0 0 1 1 0 0 0 0 0 0 0 0 0 1 1 0 0 0 0 0 1 0 1 1 0 0 0 0 0 0 0 1 0 0 "1"
"260" 143 12.46 0.19 0 2 5 3 2 1 0 4 6 6 3 1 1 0 3 0 6 1 2 2 1 0 1 1 0 0 0 0 0 0 0 0 0 1 2 1 1 3 3 2 1 1 3 3 2 0 0 0 0 0 0 1 1 0 1 1 0 0 2 2 3 "1"
"261" 57 11.49 0 0 2 5 2 0 0 5 2 3 6 3 2 3 1 2 2 2 0 1 1 1 1 0 0 0 0 0 0 1 1 1 0 0 1 1 0 0 0 0 1 1 1 0 0 1 0 0 0 0 1 1 1 2 0 0 0 0 0 0 0 1 "1"
"262" 223 99.99 3.6 1.225 1 9 3 2 1 4 5 2 2 5 0 2 3 3 4 3 0 0 0 0 0 0 0 2 0 0 0 1 1 1 2 2 0 0 0 1 1 0 0 0 0 0 0 1 0 0 0 0 1 1 0 0 2 1 0 0 1 0 0 1 "2"
"263" 188 99.99 45.56 6.451 1 6 3 3 1 3 5 3 1 4 0 2 2 1 2 3 2 1 0 0 0 0 0 1 0 0 0 1 1 0 1 1 0 1 1 0 0 0 0 0 0 0 0 0 0 0 0 0 0 1 0 0 0 2 2 0 0 1 0 1 "2"
"264" 47 13.11 0.11 0.107 3 4 3 3 2 1 5 6 6 1 1 4 2 2 0 8 1 1 0 1 1 1 1 1 0 1 1 1 1 0 0 0 1 1 0 1 2 2 2 1 2 2 2 2 0 1 1 1 1 1 0 1 1 1 0 0 0 1 1 0 "1"
"265" 35 12.3 0.53 0.016 3 4 3 2 2 2 5 4 7 3 0 3 2 1 1 9 1 2 2 1 0 0 1 1 0 0 1 0 1 1 2 1 0 0 1 1 0 2 2 1 2 0 2 2 0 0 1 0 0 1 0 0 0 0 1 1 0 1 2 2 "1"
"266" 103 99.99 19.43 3.673 2 1 3 0 1 1 1 3 3 3 1 1 1 1 0 1 2 0 0 0 0 0 0 0 0 0 0 1 1 0 0 0 0 0 1 1 0 2 2 2 1 1 1 0 0 1 0 1 2 1 0 0 1 0 0 0 0 0 0 0 "1"
"267" 310 10.62 7.63 1.078 6 0 5 1 2 2 6 4 6 1 2 1 1 1 0 1 0 3 3 0 0 0 0 1 0 0 0 0 1 1 3 1 0 1 1 0 1 1 1 1 0 0 3 4 0 0 1 1 0 0 0 0 0 1 2 1 0 0 1 1 "4"
"268" 147 99.99 32.22 13.445 5 7 10 2 1 2 3 4 3 1 0 4 2 2 1 4 1 1 3 3 1 0 1 0 0 0 0 1 0 0 1 1 0 0 0 0 0 0 0 0 0 1 2 1 0 0 1 1 0 0 0 0 1 0 1 1 1 0 0 0 "1"
"269" 439 8.69 58.91 37.043 1 0 4 1 0 1 0 2 2 0 0 2 0 0 0 0 1 1 1 2 2 0 0 1 0 0 0 0 1 1 0 0 0 0 0 1 1 0 0 2 2 0 0 0 0 0 0 0 0 0 0 0 0 0 0 0 0 0 0 0 "4"
"270" 272 11.16 7.38 1.332 3 5 3 1 1 1 5 2 6 1 0 4 3 2 1 4 2 1 1 2 1 0 0 0 0 0 1 0 0 0 1 0 0 0 0 0 1 1 1 2 1 0 1 2 0 0 0 1 1 0 1 1 0 1 1 0 0 2 1 0 "2"
"271" 87 12.11 0.57 0 3 3 4 0 1 1 2 3 3 3 1 3 1 0 2 3 2 1 0 0 0 0 0 0 0 1 2 0 0 0 0 0 0 1 1 1 1 1 1 0 1 1 1 1 0 1 0 0 1 1 0 0 0 1 1 0 2 1 1 0 "1"
"272" 221 10.44 3.59 3.588 2 3 0 0 1 0 1 1 6 3 0 3 1 2 1 6 0 0 0 1 1 0 0 0 0 0 1 0 0 0 1 0 0 0 0 0 1 1 0 0 1 2 1 1 0 0 0 0 1 1 0 0 1 2 1 0 1 0 1 2 "2"
"273" 204 14.03 0.34 0 5 7 5 0 2 2 2 3 3 3 3 3 2 2 3 3 3 2 1 1 1 1 0 1 0 0 0 0 1 1 2 2 0 0 0 0 1 1 0 1 1 1 1 1 0 1 1 0 0 0 0 0 0 1 2 1 2 0 2 2 "2"
"274" 41 11.44 10.38 0 6 0 4 1 1 1 1 3 8 2 0 5 2 1 2 4 1 1 1 3 2 0 0 1 0 0 0 0 0 0 0 0 0 0 0 1 1 0 1 3 1 1 3 4 0 0 0 0 3 3 0 0 1 1 0 0 1 1 0 0 "1"
"275" 175 9.05 55.22 28.119 1 4 0 0 0 0 1 1 4 1 0 1 0 1 2 3 0 0 0 0 0 0 0 1 0 0 0 0 0 0 0 0 0 0 1 1 0 0 0 0 0 0 3 4 0 0 0 0 0 0 1 1 0 0 0 0 1 1 0 0 "2"
"276" 149 18.74 0 0 4 9 8 1 1 4 4 4 4 5 1 2 1 2 1 10 1 2 3 3 1 0 0 0 0 0 0 1 1 1 1 1 0 0 0 1 3 3 1 0 1 0 1 2 0 1 0 1 1 0 0 0 1 1 1 1 0 4 2 0 "1"
"277" 128 9.68 6 0 2 2 2 2 1 1 2 2 4 0 2 2 0 0 1 4 0 0 1 1 0 0 0 0 0 0 0 0 0 0 0 0 0 0 0 0 0 3 3 0 0 1 3 2 0 1 0 0 0 0 0 0 0 0 0 0 0 1 1 1 "1"
"278" 110 9.11 100.01 66.202 2 1 1 1 0 0 1 0 1 0 0 1 2 0 2 1 0 0 1 1 0 1 0 1 0 0 0 0 0 0 1 0 0 0 0 0 0 0 0 1 1 0 0 0 0 0 1 1 0 0 0 0 0 0 0 0 0 1 1 0 "3"
"279" 141 11 0 0 1 4 4 0 1 2 0 1 4 2 2 2 0 2 1 4 0 1 1 0 0 1 0 0 0 1 1 1 1 1 0 0 0 0 0 1 1 0 0 1 0 1 1 1 0 2 0 0 0 0 1 1 1 0 0 0 0 0 1 2 "1"
"280" 48 10.4 0.83 0.061 2 6 2 1 1 1 5 2 5 0 0 6 2 3 1 4 0 0 1 1 0 0 0 1 0 0 0 0 0 0 4 2 0 1 1 0 0 0 0 1 1 2 2 2 0 0 1 0 0 0 0 0 2 1 1 1 0 0 1 1 "1"
"281" 431 12.85 0 0 5 6 8 4 0 1 3 3 4 2 3 1 4 2 7 4 4 4 1 1 1 0 1 1 0 0 0 1 1 0 2 1 0 0 0 0 2 2 2 0 1 1 1 0 1 1 0 1 1 0 0 1 0 0 1 1 2 1 2 1 "4"
"282" 70 11.75 13.31 9.874 2 8 2 2 0 3 4 2 4 0 2 1 2 3 6 4 0 0 0 1 1 0 1 1 0 0 0 0 2 2 2 1 0 0 1 1 0 0 2 0 1 1 1 0 0 1 1 1 0 0 1 1 1 1 0 0 1 1 1 1 "1"
"283" 93 9.18 105.34 65.072 0 0 0 0 0 1 1 1 0 0 0 3 0 2 1 0 0 0 0 0 0 0 0 0 0 0 0 0 0 0 0 0 0 0 0 0 0 0 2 0 0 0 0 0 0 0 0 0 0 0 0 1 0 0 0 0 0 0 0 0 "3"
"284" 106 8.78 29.18 18.461 1 5 2 2 0 1 5 2 4 0 0 1 2 1 1 3 0 0 1 1 0 0 0 0 0 0 0 0 1 1 3 0 0 0 0 0 0 1 2 0 0 2 1 0 0 0 1 0 1 1 0 0 0 1 2 1 0 0 0 1 "1"
"285" 370 10.24 2.67 0.859 5 2 4 2 2 3 2 1 6 2 1 2 0 2 1 2 1 1 2 2 1 0 0 1 0 0 0 1 2 1 0 0 0 0 0 0 0 0 1 1 1 1 1 3 0 0 0 0 0 0 1 0 0 0 0 0 0 0 0 0 "4"
"286" 243 10.41 18.88 6.579 4 3 5 2 0 1 1 7 2 3 1 2 0 2 0 4 0 1 1 1 1 0 0 1 0 0 0 1 1 0 1 0 0 0 1 2 2 3 3 1 1 0 1 1 0 1 0 0 0 0 0 0 1 0 1 1 0 0 1 2 "2"
"287" 113 9.12 0.09 0 5 1 3 1 4 3 2 0 1 3 0 3 4 1 3 2 0 0 0 1 1 0 0 0 0 0 0 1 0 0 0 0 0 0 0 0 0 0 0 0 0 1 1 0 0 0 2 2 1 0 0 0 0 1 1 0 0 1 0 0 "1"
"288" 284 17.67 0 0 3 8 5 0 1 4 3 4 1 0 2 2 1 5 1 7 0 0 0 0 0 1 0 0 0 0 0 1 0 0 0 0 1 1 0 2 3 2 2 0 1 0 0 0 0 0 0 0 0 0 0 1 0 2 3 1 0 1 2 5 "2"
"289" 364 11.28 2.33 0.017 6 3 2 0 0 1 3 1 9 5 2 3 3 2 1 7 0 1 2 1 0 0 0 0 0 0 0 1 0 0 1 0 0 0 0 0 0 0 0 1 4 2 1 0 0 0 1 1 1 0 1 1 0 0 0 0 1 0 0 1 "4"
"290" 363 9.43 68.89 40.504 1 3 1 1 0 3 1 0 4 4 1 1 2 0 0 2 0 0 0 0 0 0 0 0 0 0 0 1 1 0 0 0 0 0 0 0 0 0 0 0 0 1 1 1 0 0 0 1 1 1 0 0 0 0 0 0 0 0 0 0 "4"
"291" 122 8.85 85.5 56.863 3 0 1 0 0 0 1 2 1 2 1 1 0 3 0 0 0 0 0 1 1 0 0 0 0 0 0 0 0 0 0 0 0 0 0 0 1 1 0 0 0 1 1 0 0 0 0 0 0 0 0 0 1 0 1 1 0 0 0 0 "3"
"292" 735 13.73 0 0 5 7 6 1 0 2 5 2 10 1 2 3 8 4 1 5 2 1 0 2 2 1 0 0 0 0 0 0 1 1 1 0 0 1 1 0 0 0 1 0 3 1 3 4 0 1 2 3 2 3 0 0 2 2 1 0 2 2 1 0 "5"
"293" 411 15.32 0.7 0.065 6 6 2 1 2 2 4 5 9 0 1 4 4 5 4 5 1 1 0 0 0 0 0 0 0 0 0 0 2 2 1 1 0 0 0 0 0 2 4 2 1 4 3 2 0 1 1 2 2 0 1 2 1 1 2 1 0 0 2 3 "4"
"294" 492 10.27 10.74 7.292 1 15 7 2 2 2 7 4 3 0 2 2 6 4 4 3 1 2 1 1 1 0 0 0 0 0 0 2 2 0 3 1 0 1 1 1 1 1 2 0 1 0 0 0 1 3 1 1 0 4 0 0 2 1 0 0 1 0 1 1 "5"
"295" 94 10.2 0.52 0 2 3 2 4 0 1 2 4 5 1 2 2 0 2 1 2 1 1 1 0 0 0 0 2 0 0 0 1 1 0 1 1 0 0 0 0 1 1 0 1 1 2 2 0 1 0 0 0 0 0 0 0 0 1 1 0 0 1 1 0 "1"
"296" 317 12.85 0.02 0.024 4 4 9 0 0 1 9 6 4 2 0 1 1 0 1 6 5 2 1 1 1 3 0 0 0 0 0 0 0 0 1 1 1 3 2 1 2 1 0 1 0 0 0 1 0 1 0 0 1 1 0 0 0 0 0 0 0 1 2 3 "4"
"297" 82 -1 -1 -1 0 2 1 2 2 0 0 2 0 2 1 0 1 0 0 4 0 0 1 1 0 0 0 1 2 1 0 0 0 0 0 0 0 0 0 1 2 1 0 0 0 0 0 0 0 1 0 0 0 0 0 0 0 0 0 0 0 2 1 0 "1"
"298" 52 11.48 0 0 2 4 4 2 1 3 2 2 6 1 3 2 0 1 1 2 1 2 2 2 1 1 1 1 1 0 0 1 1 0 0 0 0 0 0 1 1 0 1 1 2 2 1 2 0 1 0 0 0 0 0 0 1 0 1 1 0 0 1 2 "1"
"299" 294 10.23 25.69 23.769 3 3 3 1 0 3 1 4 11 1 0 1 1 1 1 5 1 0 1 1 0 0 0 1 0 0 0 0 0 0 0 0 0 0 1 1 0 0 1 2 3 1 3 6 0 0 0 0 0 0 0 0 0 0 1 1 0 2 3 2 "4"
"300" 350 8.98 53.28 39.528 4 1 2 0 0 3 2 3 3 2 0 1 1 2 2 4 0 0 0 1 1 0 0 0 0 0 0 1 2 1 0 0 0 0 1 1 0 0 0 1 1 0 0 0 0 1 0 0 0 0 0 0 0 0 1 1 0 0 1 2 "4"
"301" 137 12.97 0.04 0 3 3 5 0 2 2 2 5 3 2 2 2 1 1 0 6 3 3 2 2 1 0 0 0 1 1 0 1 0 0 0 0 1 1 1 2 1 0 0 0 0 2 1 0 0 0 0 0 1 2 1 1 0 0 0 0 0 1 1 3 "1"
"302" 113 11.49 0 0 3 3 8 1 3 2 1 5 5 3 2 2 1 1 1 3 0 1 4 5 2 0 1 0 0 0 1 0 0 0 0 0 0 1 1 0 0 2 3 0 1 1 0 0 1 0 0 0 0 0 1 1 0 0 0 0 0 1 1 2 "1"
"303" 598 12.86 0 0 3 4 2 2 0 1 1 1 4 1 2 2 1 1 3 9 2 2 1 1 0 0 0 1 0 0 0 1 1 0 1 0 0 0 0 0 0 1 1 2 1 0 1 1 2 0 0 0 0 1 0 0 0 0 1 1 0 2 0 2 "5"
"304" 119 9.2 5.02 1.991 3 4 0 0 0 1 2 2 4 4 1 1 0 2 2 6 0 0 0 0 0 0 0 1 0 0 0 0 0 0 0 0 0 0 0 0 0 0 1 0 0 0 1 4 0 0 0 0 0 1 0 1 0 0 1 1 1 0 1 1 "1"
"305" 136 11.08 2.55 2.193 5 5 4 1 2 2 3 5 5 0 2 2 2 2 4 3 1 0 1 2 1 1 0 0 2 1 0 0 0 0 0 0 0 0 0 1 1 1 2 1 3 0 0 2 0 1 0 0 1 1 0 0 0 1 1 0 0 0 0 0 "1"
"306" 195 9.47 18.98 11.668 2 3 7 1 0 1 1 3 4 1 1 1 0 1 1 3 0 1 1 1 1 0 0 0 0 0 0 1 1 0 0 0 0 1 1 1 1 0 1 1 2 1 1 0 0 0 0 0 0 0 0 0 1 1 0 0 0 1 0 1 "2"
"307" 36 13.41 0.06 0.06 5 4 5 1 3 2 9 4 6 3 0 3 3 2 3 8 2 2 1 0 0 0 0 0 0 0 0 0 0 0 4 2 0 0 0 1 2 1 1 0 0 3 5 3 0 0 1 0 2 2 1 1 0 0 0 0 0 1 1 3 "1"
"308" 92 99.99 3.02 0 2 5 2 1 1 1 1 0 1 3 0 0 1 5 5 4 1 1 0 1 1 0 0 0 0 0 1 1 1 0 0 0 0 0 0 0 0 0 1 0 0 0 1 1 0 0 0 1 1 0 0 1 3 2 1 0 3 0 0 1 "1"
"309" 85 99.99 0.34 0 3 4 2 1 3 0 1 0 2 3 0 0 1 5 3 4 1 0 0 1 1 0 0 1 1 1 1 0 1 1 0 0 0 0 0 0 0 0 0 0 0 0 1 2 0 0 0 0 0 1 0 1 3 1 1 1 2 1 1 1 "1"
"310" 153 10.02 13.26 11.129 4 1 0 0 3 4 3 1 5 3 1 1 1 2 2 3 0 0 0 0 0 1 0 0 0 0 0 1 2 1 1 1 1 1 0 0 0 0 0 1 1 1 1 1 0 0 0 0 0 0 0 1 1 1 0 0 1 1 2 1 "2"
"311" 96 10.45 18.13 15.358 4 0 7 0 0 2 4 2 4 3 3 5 1 1 0 1 2 4 2 1 1 0 0 0 0 0 0 0 0 0 2 1 0 0 0 0 1 1 0 0 0 1 2 1 0 0 0 0 1 1 0 0 1 1 0 0 0 0 0 1 "1"
"312" 545 9.13 54.34 44.038 0 4 4 1 0 2 2 3 3 2 0 2 2 2 1 2 1 1 1 3 2 0 0 0 0 0 0 1 0 0 0 0 0 0 0 2 2 1 1 1 0 0 0 0 0 0 1 1 0 1 0 0 0 0 1 1 0 0 1 1 "5"
"313" 187 9.52 1.84 0.718 5 3 4 1 0 4 5 1 2 2 0 5 4 2 1 1 0 1 1 2 2 1 0 0 0 0 0 1 1 0 3 0 0 0 0 0 0 1 1 0 0 1 0 0 0 0 1 3 2 0 0 0 1 0 0 0 1 0 0 0 "2"
"314" 76 99.99 -1 -1 0 0 2 0 3 0 1 0 1 0 0 1 1 1 0 0 1 2 1 0 0 0 0 0 0 0 1 0 0 0 0 0 0 0 0 0 0 0 0 0 0 0 0 1 0 0 0 0 0 0 0 1 0 0 0 0 0 0 0 0 "1"
"315" 236 10.48 25.29 13.39 5 0 3 0 0 5 2 3 2 1 0 1 1 3 3 1 1 1 0 1 1 1 0 0 0 0 0 1 3 3 0 0 0 1 1 0 0 1 1 1 0 1 0 0 0 0 0 0 0 0 0 1 1 0 0 0 2 0 0 0 "2"
"316" 218 9.82 5.23 4.168 5 0 5 1 0 2 0 2 7 1 2 1 3 4 2 0 0 3 5 2 0 1 0 1 0 0 0 1 0 0 0 0 1 1 0 1 1 0 0 2 1 2 0 1 0 1 1 1 1 2 1 0 0 0 1 1 1 0 0 0 "2"
"317" 164 12.81 0 0 4 5 9 1 2 3 3 4 7 3 2 2 4 1 1 11 5 6 1 0 0 1 0 0 0 1 2 1 1 0 2 0 0 0 0 0 0 0 2 0 2 1 2 2 1 0 1 1 0 0 0 0 0 0 1 1 0 2 2 4 "2"
"318" 220 11.3 0 0 3 5 7 0 2 1 1 2 6 1 1 2 0 1 1 6 4 3 1 1 1 0 0 0 0 1 1 0 0 0 0 0 0 0 0 0 0 0 0 1 1 1 1 1 0 0 0 0 0 0 0 0 0 1 1 0 1 2 3 1 "2"
"319" 136 10.12 11.47 4.831 3 0 5 0 0 1 3 2 4 4 1 2 3 3 3 1 0 1 3 2 0 0 0 1 0 0 0 0 0 0 2 0 1 1 0 1 1 0 0 1 1 1 2 2 0 1 2 1 1 1 0 0 1 1 0 0 0 0 0 0 "1"
"320" 41 -1 -1 -1 3 0 5 0 0 1 3 2 4 4 1 2 3 3 3 1 0 1 3 2 0 0 0 1 0 0 0 0 0 0 2 0 1 1 0 1 1 0 0 1 1 1 2 2 0 1 2 1 1 1 0 0 1 1 0 0 0 0 0 0 "1"
"321" 154 13.91 5.58 5.577 5 4 6 0 0 3 4 7 8 0 0 4 1 2 1 6 0 1 1 1 1 0 0 0 0 0 0 2 2 0 4 2 1 2 1 0 2 2 1 3 3 3 3 2 0 0 0 0 0 0 0 0 0 1 3 2 0 2 1 0 "2"
"322" 130 10.54 0 0 1 7 3 2 0 2 6 1 3 2 1 4 1 0 3 2 1 1 0 1 1 1 1 1 0 0 0 0 1 1 1 0 0 1 1 0 0 0 0 0 1 2 0 0 0 0 0 0 0 1 0 0 0 0 0 0 2 1 1 1 "1"
"323" 17 13.35 0 0 5 3 3 0 0 3 7 2 12 1 1 1 5 3 5 8 2 1 1 1 0 0 0 0 0 0 0 0 1 1 1 0 0 0 1 1 1 1 0 1 2 1 3 7 0 0 2 1 3 2 0 0 0 2 2 0 1 0 1 2 "1"
"324" 256 12.47 0 0 5 4 7 1 1 2 6 1 9 1 1 3 8 2 3 7 2 3 2 2 1 0 0 0 0 0 0 0 1 1 1 0 0 1 1 0 0 0 0 1 1 2 3 4 0 1 1 1 1 2 0 0 0 0 1 1 1 1 1 4 "2"
"325" 143 12.84 11.2 5.593 4 5 4 2 1 0 4 3 5 2 2 4 6 2 1 5 2 0 2 3 1 0 1 1 0 0 0 0 0 0 0 0 0 0 0 0 1 1 0 0 1 1 2 2 0 0 3 3 0 2 1 0 0 0 1 1 0 0 1 1 "1"
"326" 98 99.99 2.14 1.969 3 10 4 2 1 3 4 6 6 0 1 5 2 3 2 2 1 3 5 3 0 0 2 0 0 0 0 0 0 0 2 1 0 0 1 2 3 2 1 0 1 1 1 0 1 0 0 0 0 0 2 1 0 1 1 0 2 0 0 0 "1"
"327" 74 99.99 4.68 0 3 8 5 2 1 4 3 5 5 0 1 5 0 4 2 2 0 3 5 3 1 0 1 0 0 0 0 0 0 0 1 1 0 0 1 1 2 3 2 0 1 1 0 0 1 0 0 0 0 0 2 0 1 1 0 0 2 0 1 1 "1"
"328" 119 9.27 55.61 31.928 5 0 2 1 0 5 1 0 4 1 3 1 1 1 0 2 0 0 0 1 1 0 0 0 0 0 0 3 3 1 0 0 0 0 0 0 0 0 0 1 1 2 1 1 0 1 0 0 0 0 0 0 0 1 1 0 0 1 2 1 "3"
"329" 251 8.87 74.39 36.99 1 0 3 0 0 0 1 1 2 2 1 0 0 2 0 5 0 0 0 1 1 0 0 0 0 0 0 0 0 0 0 0 0 1 1 0 0 0 0 0 0 0 0 1 1 0 0 0 0 0 0 0 0 0 0 0 0 1 2 2 "2"
"330" 75 12.27 1.63 0.934 0 11 2 2 0 3 3 4 6 2 5 3 1 2 4 2 1 1 0 0 0 0 0 1 0 0 0 1 1 0 2 1 1 1 0 1 1 0 2 1 1 1 2 3 0 1 0 0 0 0 0 1 0 0 0 0 0 0 1 1 "1"
"331" 247 9.74 10.85 10.547 2 4 2 0 0 2 4 0 3 2 1 2 1 3 2 2 0 1 2 1 0 1 0 0 0 0 0 0 0 0 2 1 0 0 0 0 0 0 0 1 0 1 1 1 1 0 0 0 0 0 0 0 0 0 1 1 1 1 1 1 "2"
"332" 144 12.81 0 0 5 5 7 2 0 3 4 6 3 2 1 2 3 6 1 3 1 2 1 2 2 0 0 1 0 0 0 2 3 1 0 0 0 1 1 1 2 2 1 0 0 2 1 0 0 1 0 0 0 1 1 2 1 1 1 1 1 0 1 1 "1"
"333" 266 13.24 0 0 2 6 4 0 1 1 3 2 3 2 0 6 4 3 6 5 1 0 1 1 0 0 0 0 1 1 0 1 0 0 1 0 0 0 0 0 0 0 1 2 1 0 0 2 0 1 1 1 1 3 1 0 0 1 2 1 2 1 1 4 "2"
"334" 562 11.11 2.68 2.685 2 3 6 0 0 3 1 1 5 0 2 1 1 3 0 4 2 2 1 2 2 0 0 0 0 0 0 2 2 0 1 1 0 0 0 1 1 0 0 1 1 1 0 1 1 0 0 0 1 3 0 0 2 0 1 1 0 1 1 1 "5"
"335" 463 10.57 31.79 21.618 2 7 2 0 0 0 3 3 4 1 2 3 1 1 5 6 0 0 2 2 0 0 0 0 0 0 0 0 0 0 0 0 0 0 0 0 0 1 2 0 0 1 0 1 0 0 0 0 0 0 0 0 0 1 1 0 1 1 1 2 "5"
"336" 522 13.7 0 0 0 7 3 0 1 2 7 1 4 0 1 1 1 3 2 4 1 1 1 1 1 0 0 0 0 0 0 1 1 0 2 1 0 0 0 0 0 0 0 0 1 1 1 1 0 1 0 1 1 0 0 2 0 0 1 1 0 1 2 2 "5"
"337" 232 11.97 1.86 1.859 4 6 8 2 0 2 1 0 8 1 0 0 1 5 1 9 2 3 4 4 1 0 0 0 0 0 0 1 1 0 0 0 0 0 0 0 0 1 1 1 1 5 3 1 0 0 0 0 0 1 2 2 0 1 1 0 0 2 3 1 "2"
"338" 163 12.6 0 0 5 6 7 3 1 2 2 1 11 3 2 1 4 2 3 8 1 3 2 0 0 0 0 0 0 0 0 0 0 0 1 0 0 0 0 0 0 0 0 2 2 4 4 2 1 1 1 1 2 4 0 0 1 1 0 0 0 3 4 2 "2"
"339" 331 12.28 0 0 4 3 6 1 0 2 2 4 2 3 3 1 3 1 2 4 0 1 1 3 3 0 1 0 0 0 0 2 2 0 1 1 0 1 1 2 2 0 0 0 0 0 1 1 2 0 1 0 0 1 0 0 1 0 1 1 1 0 0 0 "4"
"340" 265 9.76 6.81 4.831 3 3 4 2 0 4 3 2 7 2 1 2 2 4 0 2 0 2 3 1 0 0 0 1 0 0 0 1 1 0 1 1 1 1 0 1 1 0 0 2 1 2 2 1 0 0 1 0 0 0 1 0 3 1 0 0 0 0 0 1 "2"
"341" 166 11.1 0.35 0 2 6 2 3 0 2 1 6 6 0 1 2 2 0 2 7 0 0 2 2 0 1 0 2 0 0 0 1 1 0 0 0 1 2 2 1 0 0 0 0 1 1 2 3 0 0 0 0 0 1 0 0 0 0 0 0 0 0 1 4 "2"
"342" 96 8.86 10.19 0.614 0 0 4 1 0 0 6 0 0 0 2 2 0 0 0 2 0 0 1 2 1 0 0 0 0 0 0 0 0 0 1 0 0 0 0 0 0 0 0 0 0 0 0 0 1 0 0 0 0 0 0 0 0 1 1 0 0 0 0 2 "1"
"343" 74 8.66 47.37 42.433 1 2 5 0 0 3 1 1 1 0 0 2 0 2 2 7 1 0 0 1 1 0 0 0 0 0 0 0 1 1 0 0 0 0 0 0 0 0 0 0 0 0 1 1 0 0 0 0 0 0 0 0 1 0 0 0 0 0 0 1 "3"
"344" 399 12.6 0.43 0.427 4 9 12 3 1 4 9 4 9 0 2 4 3 4 0 5 5 4 3 6 3 0 1 1 0 0 0 1 0 0 4 2 0 0 0 1 1 1 2 0 2 2 2 1 0 0 2 1 2 3 1 2 0 0 0 0 0 0 0 0 "4"
"345" 135 99.99 19.11 6.821 4 5 4 1 2 1 8 1 4 0 4 0 5 1 0 2 1 2 1 1 1 1 0 1 0 0 0 1 0 0 5 3 0 0 0 0 0 0 1 0 0 2 2 1 1 1 2 2 1 1 0 0 0 0 1 1 0 0 0 0 "1"
"346" 108 10.62 15.51 15.283 6 0 3 1 2 1 1 6 8 3 1 1 0 1 1 3 1 0 0 1 1 0 0 1 0 0 1 0 0 0 0 0 0 1 1 1 3 3 2 0 0 0 3 4 0 0 0 0 0 0 0 0 1 1 0 0 0 0 1 2 "1"
"347" 159 13.68 0.06 0 6 4 6 2 0 6 2 1 8 5 0 3 2 1 2 5 0 1 1 0 0 1 0 0 0 0 0 0 0 0 2 0 0 0 1 1 0 0 0 1 2 1 2 4 0 0 2 2 0 0 0 0 1 0 0 0 0 0 2 2 "2"
"348" 412 11.1 14.11 0.09 3 5 6 2 0 0 2 6 3 4 1 2 1 4 0 3 1 1 2 3 2 0 0 1 0 0 0 0 0 0 0 0 0 0 1 2 3 3 2 2 1 0 0 0 0 0 0 1 1 0 2 3 0 0 0 0 0 1 1 1 "4"
"349" 126 9.84 8.81 3.492 3 3 2 1 1 1 1 3 3 2 1 0 2 1 4 0 1 1 0 0 0 0 0 0 1 1 0 1 1 0 0 0 0 0 0 1 1 1 2 1 0 1 1 0 0 2 0 0 1 2 0 0 0 1 1 0 2 0 0 0 "1"
"350" 87 9.94 29.21 20.236 1 4 1 1 2 2 0 4 3 1 0 0 1 1 1 3 0 0 0 0 0 1 0 0 0 0 0 0 1 1 0 0 1 1 1 1 1 1 0 1 1 0 0 2 0 0 0 0 0 0 0 0 1 0 0 0 0 0 1 1 "1"
"351" 117 9.42 58.51 28.15 0 1 1 0 0 1 0 2 1 1 1 2 1 2 0 1 0 1 1 0 0 0 0 0 0 0 0 0 0 0 0 0 0 0 0 1 1 0 0 0 0 0 0 0 0 0 1 1 0 0 0 0 1 0 0 0 0 0 0 0 "3"
"352" 515 13.14 0 0 5 3 9 3 1 2 5 0 1 2 4 3 1 4 1 7 0 1 2 3 2 2 3 1 0 0 0 0 0 0 3 2 0 0 0 0 0 0 0 0 0 1 0 0 1 1 0 1 1 0 2 1 1 1 1 1 0 3 2 1 "5"
"353" 427 12.01 0.36 0.361 4 4 6 1 2 5 2 5 4 2 0 3 1 4 3 4 3 2 1 2 1 0 0 0 0 0 1 3 0 0 1 1 1 2 2 1 0 0 1 0 0 0 0 3 0 0 0 0 1 1 0 0 1 1 2 1 1 0 1 2 "4"
"354" 164 8.65 24.23 17.492 3 4 1 2 0 1 5 0 1 1 1 3 1 1 1 2 0 0 0 1 1 1 1 0 0 0 0 0 0 0 1 1 0 0 0 0 0 0 0 0 0 0 0 1 0 0 1 1 0 0 0 0 1 0 0 0 1 0 0 1 "2"
"355" 505 7.82 5.14 1.778 2 1 1 0 3 3 3 0 2 0 1 1 3 2 0 3 0 0 1 2 1 0 0 0 0 0 0 2 1 1 1 1 0 0 0 0 0 0 0 1 1 1 0 0 1 0 1 2 2 0 0 0 2 1 1 1 0 0 1 1 "5"
"356" 473 12.72 0.18 0.178 5 5 5 2 0 2 3 5 3 1 2 5 3 2 3 3 2 2 2 3 1 1 0 1 0 0 0 0 1 1 3 2 0 0 0 0 0 1 3 1 0 1 1 0 0 2 0 0 1 1 0 0 0 0 0 0 0 0 1 1 "5"
"357" 158 8.09 5.14 4.523 1 8 4 0 1 2 5 2 0 2 2 2 1 2 0 2 0 1 2 3 2 0 0 0 0 0 0 1 2 1 2 2 0 0 0 0 0 0 0 0 0 0 0 0 0 0 0 0 1 1 0 0 1 0 0 0 0 0 0 0 "2"
"358" 142 10.04 96.7 44.54 1 2 0 0 0 0 0 2 1 0 0 2 2 1 0 0 0 0 0 0 0 0 0 0 0 0 0 0 0 0 0 0 0 0 0 0 0 0 0 0 0 0 1 1 0 0 1 1 0 1 0 0 1 0 0 0 0 0 0 0 "3"
"359" 152 9.1 36.12 35.422 3 2 3 4 0 0 1 2 3 1 0 0 0 0 0 3 1 0 0 1 1 0 0 2 0 0 0 0 0 0 2 2 0 0 0 0 1 1 0 0 1 0 0 0 0 0 0 0 0 0 0 0 0 0 0 0 0 0 0 1 "3"
"360" 126 9.62 81.19 41.771 2 3 0 2 1 0 1 0 1 2 0 1 1 0 3 2 0 0 0 0 0 0 0 1 0 1 1 0 0 0 1 0 0 0 0 0 0 0 0 0 0 0 0 0 0 0 0 0 0 0 0 0 0 0 0 0 1 0 0 1 "3"
"361" 58 11.21 0 0 4 4 5 1 1 2 2 3 8 1 3 2 4 2 1 5 0 1 2 3 2 0 0 0 0 0 0 1 1 0 2 2 0 1 1 0 0 1 1 2 1 2 3 3 0 0 1 0 0 2 0 1 0 1 1 0 0 2 2 1 "1"
"362" 449 10.52 2.27 1.85 4 2 2 4 0 2 8 1 4 0 1 1 0 4 0 4 0 0 0 0 0 2 1 1 0 0 0 0 0 0 5 2 0 0 0 0 0 0 0 0 1 2 1 1 0 1 0 0 0 0 0 0 1 1 1 1 0 0 1 1 "5"
"363" 513 11.73 10.15 1.85 6 0 7 1 1 2 1 3 7 2 1 4 5 1 0 4 4 4 2 4 3 0 0 0 0 0 0 0 0 0 1 1 0 0 0 1 1 1 2 1 1 2 2 1 0 0 2 2 1 0 0 0 0 0 0 0 0 0 0 0 "5"
"364" 72 8.52 26.95 0.679 2 2 1 0 3 1 2 0 6 1 2 0 3 2 1 3 0 0 0 0 0 0 0 0 0 0 0 0 0 0 1 1 0 0 0 0 0 0 0 1 2 1 4 3 1 0 0 1 1 0 1 0 0 0 0 0 0 0 0 1 "1"
"365" 104 11.58 2.07 0.342 1 7 4 0 3 1 3 2 8 1 2 0 4 3 1 7 1 1 2 2 1 0 0 0 0 0 0 0 1 1 0 0 0 0 0 0 1 1 0 2 3 1 2 2 1 0 1 2 2 1 0 0 1 1 1 0 0 1 1 0 "1"
"366" 207 11.51 22.61 2.569 4 3 4 3 0 2 1 2 5 2 1 1 0 3 1 6 1 0 2 2 0 0 1 0 0 0 1 1 1 1 0 0 0 0 0 1 1 1 1 1 1 1 0 2 0 1 0 0 0 0 0 0 1 2 2 0 0 2 1 3 "2"
"367" 449 -1 -1 -1 4 3 4 3 0 2 1 2 5 2 1 1 0 3 1 6 1 0 2 2 0 0 1 0 0 0 1 1 1 1 0 0 0 0 0 1 1 1 1 1 1 1 0 2 0 1 0 0 0 0 0 0 1 2 2 0 0 2 1 3 "5"
"368" 102 13.29 0.87 0.875 6 1 2 1 3 6 1 6 13 2 0 7 2 3 3 3 0 0 2 3 1 0 0 1 1 1 2 3 1 0 1 0 0 0 1 2 2 1 1 5 3 2 1 2 0 0 0 0 1 1 0 0 1 1 2 1 0 1 1 0 "1"
"369" 59 12.6 0.74 0.738 2 10 4 1 2 1 7 5 9 1 3 6 3 1 4 2 1 3 3 1 0 0 0 0 0 1 1 0 0 0 2 0 1 1 0 2 3 1 0 1 2 2 3 4 0 1 0 0 1 1 0 0 0 0 1 1 1 0 0 0 "1"
"370" 137 13.83 0.14 0 5 0 0 2 2 3 2 3 2 2 0 3 1 2 3 1 0 0 1 1 0 0 2 0 1 2 1 1 1 1 1 1 0 0 0 1 2 2 1 1 0 0 0 1 0 0 1 0 0 0 0 0 2 1 0 0 2 1 1 0 "1"
"371" 36 13.5 0.78 0 5 0 3 3 4 3 0 5 10 2 2 4 1 3 0 2 0 0 0 1 1 0 0 4 2 1 1 1 2 1 0 0 0 0 2 3 1 1 1 4 3 2 3 2 0 1 0 1 1 0 1 0 2 1 0 0 0 0 0 0 "1"
"372" 151 12.14 3.65 3.654 5 4 2 2 0 6 3 1 2 3 1 4 5 1 4 4 0 0 1 1 0 0 0 0 0 0 0 1 2 1 1 0 0 0 0 0 0 0 1 0 0 1 0 3 0 0 1 3 2 0 0 0 0 0 0 0 0 1 3 3 "2"
"373" 260 19.18 2.03 0 3 4 3 1 2 5 1 2 4 2 1 5 1 3 3 3 1 0 1 1 0 0 0 0 0 1 1 1 1 0 0 0 0 0 0 1 1 0 0 0 0 3 3 1 0 2 0 0 1 1 0 2 1 0 0 0 1 3 0 0 "2"
"374" 49 9.79 8.25 2.423 2 0 1 0 1 2 0 1 1 1 1 3 0 2 0 1 0 0 0 0 0 0 0 0 0 1 1 0 2 2 0 0 0 0 0 1 1 0 0 0 0 0 0 0 0 0 0 0 0 0 1 0 0 0 0 0 0 1 1 0 "1"
"375" 99 8.15 65.94 23.49 4 0 5 3 1 0 2 0 3 1 1 0 3 1 0 1 1 1 2 3 2 0 0 1 0 0 0 0 0 0 1 0 0 0 0 0 0 0 0 0 1 0 1 2 0 1 1 2 1 0 0 0 1 0 0 0 0 1 0 0 "3"
"376" 39 10.37 2.38 0.185 3 4 0 1 0 0 5 2 5 1 0 2 1 1 1 5 0 0 0 0 0 0 1 0 0 0 0 0 0 0 1 0 0 0 0 0 1 2 2 0 1 1 2 2 0 0 0 0 1 1 0 1 0 1 1 0 0 1 2 1 "1"
"377" 53 9.13 79.62 58.347 2 2 2 1 2 2 1 2 1 2 0 1 1 0 0 0 0 0 1 1 0 0 0 0 0 0 0 0 1 1 0 0 0 0 0 0 0 1 1 0 0 1 0 0 0 0 0 0 0 0 0 0 0 0 0 0 0 0 0 0 "3"
"378" 105 99.99 0.55 0.457 5 3 5 0 2 3 1 3 5 2 2 1 0 1 0 0 2 1 0 2 2 0 0 0 0 0 0 1 1 0 0 0 0 0 1 1 0 1 3 0 1 1 2 1 1 0 0 0 0 1 1 0 0 0 0 0 0 0 0 0 "1"
"379" 150 9.5 70.04 57.19 0 5 2 0 0 5 5 0 1 0 0 1 0 0 1 2 0 0 0 1 1 0 0 0 0 0 0 2 4 2 1 0 0 0 0 0 0 0 0 0 0 1 1 0 0 0 0 0 0 0 0 0 0 0 0 0 0 1 1 0 "3"
"380" 73 10.78 10.29 6.012 3 3 5 3 3 1 1 0 5 0 2 2 0 1 0 3 1 1 1 1 1 0 0 2 0 1 1 0 0 0 1 0 0 0 0 0 0 0 0 2 2 2 0 1 1 1 0 0 0 0 0 0 1 1 0 0 0 1 1 0 "1"
"381" 230 16.1 16.19 15.985 6 4 5 1 1 6 0 4 8 1 1 2 5 1 0 9 1 2 2 1 1 0 0 0 1 0 0 1 1 1 0 0 0 0 1 1 0 2 3 2 2 1 2 4 0 0 2 1 1 1 0 0 0 1 1 0 0 2 4 3 "2"
"382" 267 13.66 9.24 1.674 4 5 3 0 0 3 5 3 4 1 1 2 5 3 1 4 1 2 1 0 0 0 0 0 0 0 0 0 0 0 1 0 0 0 1 1 1 2 1 0 0 3 3 1 0 0 2 0 0 1 0 0 1 2 2 1 1 0 0 1 "2"
"383" 187 13.45 1.01 0.062 5 5 7 1 1 5 3 3 9 2 2 2 4 1 1 7 2 3 3 3 2 0 0 0 1 0 0 2 1 0 1 1 0 0 0 0 0 1 3 2 3 1 0 2 0 0 0 0 1 1 0 0 1 0 0 0 0 2 2 0 "2"
"384" 183 12.44 0 0 0 10 3 4 2 0 4 3 5 3 0 1 4 4 2 6 3 2 0 1 1 0 0 2 0 1 2 0 0 0 0 0 0 0 0 0 0 0 1 2 1 0 0 0 0 0 0 1 1 1 1 1 2 1 0 0 0 1 2 3 "2"
"385" 56 10.84 15.22 2.163 3 3 3 1 0 3 1 2 7 3 1 3 3 0 2 1 2 1 1 1 0 0 0 1 0 0 0 2 3 1 1 0 2 2 0 0 0 0 1 0 0 4 1 1 0 0 0 0 0 0 0 0 0 0 0 0 2 0 0 0 "1"
"386" 257 16.08 0.68 0.684 5 1 4 2 1 2 3 5 8 5 2 1 2 2 4 4 0 0 2 2 0 0 0 0 0 0 0 1 1 1 1 0 0 1 1 1 2 3 2 2 1 1 3 2 0 1 0 1 1 0 0 0 0 1 1 0 1 0 1 1 "2"
"387" 17 10.73 6.3 1.578 4 2 2 2 0 6 2 3 6 2 1 0 2 0 1 2 1 0 0 2 2 0 0 1 0 0 0 0 1 1 0 0 1 1 1 2 1 0 0 2 0 2 3 1 0 1 1 1 1 1 0 0 0 0 0 0 0 0 0 1 "1"
"388" 89 13.24 0 0 3 6 2 1 3 1 1 6 9 2 0 4 0 2 4 4 1 1 0 0 0 0 0 0 1 1 1 0 0 0 0 0 1 2 1 1 3 2 0 1 0 1 3 2 0 0 0 0 0 0 0 0 0 1 1 0 0 1 2 1 "1"
"389" 116 10.06 9.29 1.936 3 3 1 1 2 1 2 5 4 2 0 0 0 0 2 3 0 0 0 0 0 1 0 0 0 2 2 1 0 0 0 0 0 0 2 2 1 1 0 0 0 0 1 1 0 0 0 0 0 0 0 0 0 1 1 0 1 1 0 0 "1"
"390" 67 12.18 3.22 2.381 3 4 1 0 1 1 2 3 5 3 0 5 0 3 2 5 0 1 1 1 1 0 0 0 1 0 0 0 1 1 1 1 0 1 1 1 1 1 2 1 1 1 2 1 0 1 0 0 0 0 0 0 0 1 2 1 1 0 2 2 "1"
"391" 129 11.31 0.31 0 3 5 1 2 1 2 3 2 2 2 1 3 2 2 1 2 0 0 0 0 0 0 0 1 0 0 0 0 0 0 0 0 0 0 0 0 0 1 3 0 1 0 0 1 0 1 1 0 1 2 0 1 1 1 0 0 0 1 1 0 "1"
"392" 347 10.7 14.34 12.67 4 3 2 2 1 1 2 1 1 2 1 2 2 3 2 3 0 0 0 0 0 0 2 0 0 0 0 0 1 1 1 0 0 0 0 0 0 0 1 0 0 0 1 1 1 0 0 1 1 1 0 0 1 1 2 1 0 0 1 1 "4"
"393" 353 9.62 51.59 47.675 4 3 3 4 3 1 3 3 2 2 2 2 2 2 1 7 0 0 0 1 1 0 1 3 0 1 2 1 1 0 0 0 1 1 0 0 0 0 0 0 2 0 0 0 0 1 0 1 1 0 0 0 0 1 1 0 1 1 2 2 "4"
"394" 65 13.73 0 0 6 6 3 3 2 3 3 7 6 1 0 6 2 1 1 5 0 0 0 2 2 1 1 0 0 1 1 0 0 0 1 1 0 1 1 1 4 5 3 0 0 5 2 1 0 0 0 0 0 0 0 0 0 0 1 1 1 0 0 2 "1"
"395" 376 11.46 0 0 4 7 6 1 3 0 2 7 6 1 6 3 7 2 2 5 3 4 1 1 1 0 0 1 0 0 2 0 0 0 1 1 1 1 0 0 1 4 3 0 0 2 5 3 2 1 2 3 3 1 0 0 0 1 2 1 0 1 2 1 "4"
"396" 129 11.31 0.31 0 3 5 1 2 1 2 3 2 2 2 1 3 2 2 1 2 0 0 0 0 0 0 0 1 0 0 0 0 0 0 0 0 0 0 0 0 0 1 3 0 1 0 0 1 0 1 1 0 1 2 0 1 1 1 0 0 0 1 1 0 "1"
"397" 347 10.7 14.34 12.67 4 3 2 2 1 1 2 1 1 2 1 2 2 3 2 3 0 0 0 0 0 0 2 0 0 0 0 0 1 1 1 0 0 0 0 0 0 0 1 0 0 0 1 1 1 0 0 1 1 1 0 0 1 1 2 1 0 0 1 1 "4"
"398" 353 9.62 51.59 47.675 4 3 3 4 3 1 3 3 2 2 2 2 2 2 1 7 0 0 0 1 1 0 1 3 0 1 2 1 1 0 0 0 1 1 0 0 0 0 0 0 2 0 0 0 0 1 0 1 1 0 0 0 0 1 1 0 1 1 2 2 "4"
"399" 65 13.73 0 0 6 6 3 3 2 3 3 7 6 1 0 6 2 1 1 5 0 0 0 2 2 1 1 0 0 1 1 0 0 0 1 1 0 1 1 1 4 5 3 0 0 5 2 1 0 0 0 0 0 0 0 0 0 0 1 1 1 0 0 2 "1"
"400" 376 11.46 0 0 4 7 6 1 3 0 2 7 6 1 6 3 7 2 2 5 3 4 1 1 1 0 0 1 0 0 2 0 0 0 1 1 1 1 0 0 1 4 3 0 0 2 5 3 2 1 2 3 3 1 0 0 0 1 2 1 0 1 2 1 "4"
"401" 58 9.07 3.78 3.783 1 6 2 2 0 2 1 1 1 3 1 1 4 4 0 5 0 0 0 0 0 0 1 1 0 0 0 1 1 0 0 0 0 0 0 0 0 0 0 0 0 1 1 0 0 1 1 3 2 0 1 0 1 0 0 0 0 2 1 1 "1"
"402" 40 11.18 0 0 0 8 2 2 0 2 3 4 1 5 1 2 1 2 3 8 0 1 1 0 0 0 0 0 0 0 0 2 1 0 1 0 0 0 0 2 2 0 1 0 1 0 0 0 0 0 1 0 0 0 0 0 1 0 1 1 1 1 2 3 "1"
"403" 216 13.97 7.34 4.733 7 6 8 2 3 1 1 5 3 2 1 5 3 4 6 4 2 1 3 6 3 0 1 0 0 0 2 1 1 0 1 0 0 0 1 1 0 1 3 0 0 1 2 2 0 0 1 2 1 2 1 1 0 1 2 1 2 1 3 2 "2"
"404" 397 11.3 3.25 0.64 4 2 4 3 0 4 1 4 2 2 1 5 1 1 1 3 1 0 1 3 2 0 1 1 0 0 0 2 2 0 1 0 1 2 1 0 1 1 1 0 0 2 2 1 1 0 0 0 0 0 0 1 0 1 1 0 0 0 0 1 "4"
"405" 90 10.33 27.47 15.715 1 5 2 1 0 1 0 2 4 2 0 1 1 4 2 6 1 0 0 0 0 0 0 1 0 0 0 0 0 0 0 0 0 0 1 1 1 1 0 0 0 0 0 1 0 0 0 0 1 1 0 1 1 1 0 0 1 1 1 2 "1"
"406" 139 9.37 65.32 44.172 1 2 1 2 0 1 1 0 2 1 0 0 3 1 0 3 0 0 0 0 0 0 0 1 0 0 0 0 1 1 0 0 0 0 0 0 0 0 0 1 1 0 0 1 0 0 1 0 0 0 0 0 1 1 0 0 0 1 1 1 "3"
"407" 189 12.09 1.4 1.296 3 8 5 1 0 1 5 0 8 0 0 0 6 2 1 7 2 1 1 3 2 0 0 0 0 0 0 1 1 1 2 2 0 0 0 0 0 0 0 2 2 2 2 3 0 0 1 1 1 0 1 1 0 1 1 0 0 3 2 2 "2"
"408" 325 12.84 0.02 0 4 4 6 3 2 1 3 0 5 2 2 1 4 4 3 8 2 2 1 0 0 0 1 0 0 0 0 0 0 0 0 0 0 0 0 0 0 0 0 1 2 1 0 3 1 0 1 0 0 0 0 1 0 3 3 0 0 1 3 4 "4"
"409" 139 15.44 1.8 0.054 3 6 4 1 3 4 4 2 9 1 1 1 3 1 1 2 1 2 2 2 1 0 0 0 0 1 1 2 1 0 0 0 0 0 0 0 0 0 0 3 1 4 3 1 0 1 1 1 1 0 0 1 0 0 0 0 0 0 1 1 "1"
"410" 381 10.4 15.64 14.56 3 3 4 0 1 1 3 1 2 2 1 0 4 1 1 1 0 1 1 1 1 0 0 0 0 0 0 0 1 1 1 1 0 0 0 0 0 1 1 0 0 2 1 0 0 0 4 3 0 0 0 1 0 0 0 0 0 0 0 0 "4"
"411" 129 8.47 36.1 30.703 4 3 1 0 0 1 4 0 4 2 1 2 5 1 2 5 0 0 0 0 0 0 0 0 0 0 0 0 0 0 0 0 0 0 0 0 0 0 0 1 0 0 1 1 0 0 1 1 2 3 0 0 0 0 0 0 0 0 0 1 "3"
"412" 79 10.71 14.7 1.384 0 4 1 1 3 1 2 1 2 1 1 3 1 2 0 3 0 0 1 1 0 0 0 0 1 0 1 0 0 0 1 0 0 0 0 0 1 1 0 0 1 0 0 0 1 0 1 1 0 0 0 1 0 1 2 1 0 0 1 2 "1"
"413" 189 11.1 0.36 0.088 2 4 3 1 1 1 0 1 6 0 3 2 0 1 0 7 1 2 2 0 0 2 0 1 0 1 1 0 0 0 0 0 0 0 0 0 0 1 1 2 1 2 0 1 1 1 0 0 0 1 0 0 1 0 0 0 0 2 2 2 "2"
"414" 115 8.95 10.62 3.947 4 4 3 1 7 3 4 3 7 2 0 0 1 0 1 4 2 1 0 1 1 0 1 0 0 2 3 1 0 0 0 0 0 0 0 0 0 1 4 1 1 2 3 3 0 0 0 0 0 0 0 0 0 0 0 0 0 0 2 2 "1"
"415" 78 7.49 3.24 0 3 3 6 2 3 3 1 5 6 2 0 0 1 0 1 2 4 2 2 1 0 0 1 0 0 1 2 0 0 0 1 0 0 0 0 1 1 0 2 1 2 2 2 1 0 0 0 0 1 1 0 0 0 0 0 0 0 0 1 1 "1"
"416" 149 10.48 6.38 6.334 3 7 5 1 0 4 3 3 8 1 0 1 1 3 1 6 0 1 3 3 1 1 0 0 0 0 0 0 1 1 0 0 0 1 1 0 0 0 1 1 2 2 3 2 0 0 0 0 0 1 1 1 2 2 0 0 0 1 1 1 "1"
"417" 310 12.04 1.42 0 4 0 0 2 1 0 2 6 7 0 1 1 2 0 0 4 0 0 1 2 1 1 1 0 0 1 1 0 0 0 0 0 0 1 2 1 2 2 2 2 1 2 3 2 0 0 2 1 0 0 0 0 0 0 0 0 0 1 1 3 "4"
"418" 352 12.89 0 0 7 2 4 5 1 2 6 6 9 1 1 2 2 0 0 7 3 2 0 0 0 1 0 2 0 1 1 0 0 0 1 0 0 2 2 2 2 1 2 1 2 2 1 2 0 0 1 2 1 0 0 0 0 0 0 0 0 0 1 1 "4"
"419" 275 10.16 13.98 13.745 3 0 5 1 0 1 0 1 1 2 1 3 1 2 1 2 2 3 2 2 1 0 0 0 0 0 0 0 0 0 0 0 0 0 0 0 0 1 1 0 0 0 1 1 0 0 0 0 0 0 0 0 0 1 1 0 1 1 0 0 "2"
"420" 119 12.13 3.99 3.137 2 5 11 2 1 2 5 0 6 1 0 3 1 2 0 7 2 4 5 3 1 1 0 0 0 1 1 0 0 0 3 2 0 0 0 0 0 0 0 1 2 0 1 1 0 0 0 0 0 2 0 0 1 1 0 0 0 0 0 1 "1"
"421" 220 9.39 0 0 4 9 11 0 3 2 5 5 5 3 4 3 0 2 0 9 3 2 1 3 2 0 0 0 1 0 0 0 1 1 2 1 0 0 1 2 3 2 1 0 1 1 1 1 0 2 0 0 0 0 0 0 0 0 1 1 0 1 1 2 "2"
"422" 269 10.55 0.62 0.625 3 3 1 0 1 3 1 8 3 2 2 0 1 2 0 3 0 0 0 2 2 1 0 0 0 0 0 1 2 1 0 0 0 1 2 3 3 2 1 0 0 0 2 2 1 0 0 0 0 1 0 0 0 1 3 2 0 1 0 1 "2"
"423" 221 13.27 0 0 5 5 3 6 2 2 6 3 4 5 2 1 4 2 2 6 0 0 0 0 0 1 2 2 0 1 2 1 0 0 1 0 1 1 1 1 0 1 2 0 0 0 0 0 0 0 0 0 1 3 1 0 1 1 0 0 0 2 2 4 "2"
"424" 389 99.99 0 0 4 0 2 0 1 5 4 2 6 2 2 0 2 1 0 1 1 0 0 1 1 0 0 2 0 0 0 1 2 2 2 1 0 0 0 0 2 2 0 2 0 2 1 0 0 1 2 2 0 0 0 1 0 0 0 0 0 0 0 0 "4"
"425" 37 99.99 7.13 4.054 1 4 4 0 1 0 2 2 0 2 2 2 0 4 0 3 2 2 1 0 0 0 0 0 0 0 0 0 0 0 0 0 0 0 0 0 0 1 2 0 0 0 0 0 0 1 0 0 0 0 0 1 1 2 1 0 0 0 0 1 "1"
"426" 81 9.69 9.05 7.745 4 3 6 0 1 2 4 5 6 3 1 0 1 2 1 3 2 2 2 1 1 0 0 0 0 0 0 0 0 0 3 0 0 0 1 2 1 0 1 2 1 1 1 1 0 1 0 0 1 1 0 0 1 1 0 0 1 0 1 1 "1"
"427" 389 13.93 0.74 0 5 0 8 1 0 4 4 4 5 2 4 0 2 3 0 4 0 3 5 5 3 1 1 0 0 0 0 1 1 0 2 0 0 2 2 1 1 0 1 1 1 1 1 0 0 1 0 0 0 0 1 1 0 0 0 0 0 1 0 1 "4"
"428" 251 12.31 0.92 0.919 3 6 6 3 1 1 2 4 7 1 0 0 0 4 1 8 1 0 3 4 1 0 1 1 0 0 0 1 1 0 0 0 0 0 0 1 3 3 2 1 2 1 1 2 0 0 0 0 0 0 0 0 2 2 3 1 0 1 1 3 "2"
"429" 307 13.73 0.23 0.029 3 7 5 2 1 1 1 5 10 3 0 1 1 7 2 12 0 0 1 4 3 0 1 0 0 0 0 0 1 1 0 0 1 1 1 2 1 2 2 0 1 2 3 3 0 0 0 0 0 1 0 1 2 2 2 1 0 1 1 1 "4"
"430" 89 10.33 2 1.996 2 6 3 1 1 1 1 1 4 5 1 3 1 0 0 7 0 0 1 3 2 0 1 0 0 0 0 0 0 0 0 0 0 0 0 0 1 1 0 1 1 2 0 0 0 0 0 0 1 1 0 0 0 0 0 0 0 1 1 2 "1"
"431" 340 10.53 12.81 6.887 4 0 2 0 1 1 1 3 3 2 0 1 2 1 1 3 0 0 1 2 1 0 0 0 0 0 1 0 0 0 0 0 0 0 0 2 3 1 1 2 0 1 0 0 0 0 1 2 1 0 0 0 1 0 0 0 0 0 2 2 "4"
"432" 190 10.57 23.84 16.822 4 8 8 3 1 1 2 2 1 0 1 2 7 10 3 6 1 3 4 1 0 0 1 1 1 1 0 1 0 0 1 0 0 0 1 1 0 0 0 0 0 1 1 0 1 0 1 0 1 2 1 1 2 2 2 1 0 0 0 1 "2"
"433" 330 9.45 68.65 48.731 3 0 3 0 0 2 0 0 3 2 0 2 2 0 2 3 0 0 1 2 1 0 0 0 0 0 0 0 1 1 0 0 0 0 0 0 0 0 0 0 0 2 2 0 0 0 0 0 1 1 0 0 0 0 0 0 0 0 1 1 "4"
"434" 414 12.83 0 0 7 0 8 1 0 2 3 4 6 1 3 3 6 4 4 1 0 1 3 5 3 0 0 0 0 0 0 1 2 1 2 2 0 1 1 0 0 0 0 2 0 2 2 2 0 1 3 3 1 0 0 1 0 0 2 2 0 0 0 0 "4"
"435" 386 9.22 69.58 43.272 1 0 1 0 0 0 2 1 1 0 0 1 2 3 0 3 0 0 0 0 0 0 0 0 0 0 0 0 0 0 1 0 0 0 0 0 0 1 1 0 0 0 0 0 0 0 0 0 0 0 1 2 0 1 1 0 0 0 0 1 "4"
"436" 660 13.24 6.3 0.373 10 0 5 4 0 3 0 2 3 4 1 2 2 2 1 3 2 3 2 2 1 0 0 1 0 0 0 1 1 0 2 2 1 1 0 0 0 1 3 0 0 2 1 2 1 0 0 0 2 2 0 0 1 2 1 0 2 1 1 1 "5"
"437" 349 12.66 1.27 0.624 4 4 2 1 1 1 5 2 7 2 0 3 3 3 0 7 0 0 1 1 0 2 0 1 0 0 1 1 0 0 3 1 0 0 0 0 0 1 2 1 1 0 0 2 0 0 1 0 1 1 0 0 1 1 1 0 0 1 3 4 "4"
"438" 342 11.61 1.66 1.615 5 2 2 1 1 3 2 3 6 4 1 3 2 1 0 2 0 1 1 0 0 0 0 0 0 0 1 1 1 1 2 1 0 0 1 1 1 1 0 2 2 2 4 2 0 0 1 2 1 0 0 0 0 0 0 0 0 0 1 1 "4"
"439" 315 10.98 6.5 3.625 4 0 3 1 1 3 1 2 3 3 0 2 0 1 1 3 1 3 2 0 0 1 0 0 0 0 1 1 2 1 1 0 0 0 0 0 0 1 2 3 1 0 0 0 0 0 0 0 0 0 0 0 1 1 0 0 0 1 1 1 "4"
"440" 147 8.18 21.01 16.8 6 8 7 4 0 4 5 4 4 3 2 1 2 0 3 1 0 0 1 3 2 1 1 1 0 0 0 1 3 2 2 2 0 1 1 0 2 2 2 0 0 0 2 3 0 1 1 1 0 1 0 0 0 0 0 0 1 0 1 1 "1"
"441" 59 10.66 0.12 0 4 5 6 3 5 3 3 3 4 3 1 5 1 1 0 7 1 1 2 4 2 0 2 0 2 3 2 0 1 1 1 0 0 0 0 0 0 1 2 0 0 2 2 1 0 0 0 0 0 0 0 0 0 0 1 1 0 3 3 2 "1"
"442" 33 15.65 0.11 0.106 5 5 7 2 5 3 2 4 5 3 1 5 0 3 3 5 4 5 3 1 0 0 1 1 1 1 1 1 1 1 0 0 0 0 1 1 2 2 1 0 1 0 1 2 0 0 0 0 0 0 0 0 1 0 0 0 0 0 0 1 "1"
"443" 73 11.63 0.52 0.516 2 3 5 1 2 4 3 2 3 3 0 3 2 1 1 2 1 1 1 1 0 0 1 0 0 1 2 2 1 0 2 1 0 1 1 0 0 0 0 0 0 1 1 1 0 0 0 0 1 1 0 0 0 0 1 1 1 1 2 1 "1"
"444" 227 13.2 4.68 0 4 2 4 0 0 4 4 2 4 6 5 2 4 3 3 1 1 1 0 1 1 0 0 0 0 0 0 0 1 1 2 0 0 0 0 0 0 1 1 1 0 2 0 0 0 2 0 0 0 3 1 0 0 1 1 0 0 1 0 0 "2"
"445" 189 18.07 0.44 0.441 2 3 4 3 1 5 1 2 2 3 2 4 2 1 2 2 0 3 4 1 0 2 2 0 0 0 0 2 2 2 0 0 0 0 0 1 1 0 0 1 0 0 0 1 0 1 2 1 0 0 0 0 0 0 2 2 1 0 0 0 "2"
"446" 255 13.49 0.11 0.114 3 6 3 2 0 3 3 6 6 0 0 6 3 3 2 2 1 0 1 2 1 1 0 2 0 0 0 1 1 0 2 1 0 0 1 1 1 2 1 1 2 1 1 1 0 1 0 0 0 6 1 0 0 0 0 0 0 0 0 0 "2"
"447" 48 10.33 0 0 1 5 5 0 2 3 0 3 2 1 0 0 1 6 3 3 3 3 1 0 0 0 0 0 0 1 1 1 1 0 0 0 1 1 1 2 1 0 0 0 0 2 2 1 0 0 0 0 0 1 1 0 0 1 3 2 3 1 0 1 "1"
"448" 234 11.38 15.7 0.204 6 2 3 2 0 3 1 2 5 1 1 0 4 3 1 2 2 2 0 0 0 0 0 0 0 0 0 0 0 0 0 0 0 1 1 0 0 0 0 2 1 0 2 3 0 1 2 3 2 0 0 0 2 0 1 1 1 1 1 1 "2"
"449" 212 10.78 21.75 20.597 5 0 2 2 1 6 2 2 3 2 0 2 1 1 3 0 1 0 1 1 0 0 0 0 0 1 1 3 3 1 3 3 0 1 1 1 1 0 0 1 0 1 1 0 0 1 0 0 0 0 0 0 0 0 0 0 0 0 0 0 "2"
"450" 389 11.17 10.85 9.62 3 3 2 0 0 1 3 3 6 2 1 0 2 3 0 4 1 1 0 1 1 2 0 1 0 0 0 0 0 0 1 0 0 0 0 0 0 2 3 1 2 1 1 1 1 0 1 1 1 1 0 2 1 1 0 0 0 0 2 3 "4"
"451" 461 11.5 7.6 7.481 3 5 2 2 1 5 0 4 4 2 2 2 5 6 0 5 1 1 0 0 0 0 1 0 0 0 0 3 3 0 1 1 0 0 2 2 0 1 1 1 2 0 0 3 0 1 0 1 4 4 0 2 2 0 0 0 0 2 1 0 "5"
"452" 106 12.07 0 0 5 0 2 2 0 2 3 4 11 4 1 1 1 3 0 1 2 0 0 1 1 0 1 0 0 0 0 1 1 0 1 0 0 0 1 2 1 0 0 6 3 1 1 4 1 0 0 0 0 0 0 1 0 1 1 0 0 0 0 0 "1"
"453" 185 99.99 0.37 0 1 9 3 3 1 3 6 1 3 3 0 3 2 3 5 4 1 1 0 0 0 0 1 0 0 0 0 1 2 1 1 0 0 0 0 1 1 0 0 0 0 0 1 1 0 0 0 0 0 0 0 1 0 0 0 0 2 0 0 1 "2"
"454" 355 6.66 15.56 11.248 1 8 3 1 2 4 0 3 5 2 0 2 1 2 0 5 1 0 1 2 1 2 0 1 0 1 1 1 1 1 0 0 1 1 0 1 1 1 1 2 0 1 1 1 0 0 0 0 1 1 0 0 0 0 0 0 0 0 0 1 "4"
"455" 362 14.86 0 0 5 5 6 1 1 4 6 4 5 1 3 3 4 3 4 6 2 1 2 2 1 1 0 0 0 0 1 0 1 1 2 0 0 0 1 2 2 2 1 0 1 0 0 1 0 3 2 2 1 2 0 0 0 0 1 1 1 0 0 1 "4"
"456" 222 14.29 1.13 1.134 4 5 5 0 1 2 5 6 8 3 4 5 0 4 1 6 0 2 3 3 2 0 0 0 0 0 0 0 1 1 3 2 1 1 0 0 2 3 3 0 1 0 2 3 0 0 0 0 0 0 0 0 2 3 2 1 0 1 3 3 "2"
"457" 231 12.41 0.21 0.213 3 4 7 0 1 4 4 6 5 4 1 4 0 2 0 4 1 1 2 3 2 0 0 0 0 0 0 1 2 1 2 0 0 0 1 4 3 0 1 0 1 1 2 1 0 1 0 0 0 0 1 1 1 1 0 0 0 0 0 2 "2"
"458" 105 9.55 17.44 1.762 0 0 2 1 0 0 2 0 2 1 1 0 1 1 0 0 1 0 0 0 0 0 0 1 0 0 0 0 0 0 0 0 0 0 0 0 0 0 0 0 1 1 1 0 0 1 0 0 0 0 0 0 0 0 0 0 0 0 0 0 "1"
"459" 81 9.09 36.02 34.475 3 1 0 0 0 2 1 1 2 3 1 2 1 1 1 1 0 0 0 1 1 0 0 0 0 0 0 0 0 0 0 0 0 0 0 0 1 1 0 0 0 2 0 0 0 0 0 0 0 1 1 0 0 0 0 0 0 0 0 0 "3"
"460" 57 9.24 31.28 1.806 1 3 2 1 0 2 0 2 1 1 0 1 2 1 3 0 1 0 0 1 1 0 1 0 0 0 0 0 1 1 0 0 0 0 0 0 0 1 1 0 0 0 0 0 0 0 1 1 0 2 1 1 0 1 1 0 1 0 0 0 "1"
"461" 509 10.31 4.64 4.321 2 5 5 0 1 3 3 4 4 2 0 0 2 2 1 5 1 2 2 2 1 0 0 0 0 0 0 0 0 0 0 0 0 0 0 1 1 0 0 0 1 0 1 2 0 0 1 1 1 1 0 0 0 0 0 0 0 3 1 0 "5"
"462" 231 -1 -1 -1 2 5 5 0 1 3 3 4 4 2 0 0 2 2 1 5 1 2 2 2 1 0 0 0 0 0 0 0 0 0 0 0 0 0 0 1 1 0 0 0 1 0 1 2 0 0 1 1 1 1 0 0 0 0 0 0 0 3 1 0 "2"
"463" 97 10.5 19.1 6.565 3 5 6 0 1 2 5 3 2 3 1 1 4 2 1 5 2 1 1 2 1 1 0 1 0 0 0 0 0 0 0 0 0 0 1 1 0 0 0 0 1 0 0 0 0 0 0 0 1 1 0 0 1 0 1 1 1 0 1 2 "1"
"464" 300 -1 -1 -1 1 1 2 2 0 1 1 1 4 0 0 0 1 2 0 1 2 2 0 0 0 0 0 1 0 0 0 0 1 1 1 1 0 0 0 0 0 0 0 0 0 1 1 0 0 0 0 0 0 0 0 0 0 1 1 0 0 0 0 0 "4"
"465" 436 -1 -1 -1 1 1 2 2 0 1 1 1 4 0 0 0 1 2 0 1 2 2 0 0 0 0 0 1 0 0 0 0 1 1 1 1 0 0 0 0 0 0 0 0 0 1 1 0 0 0 0 0 0 0 0 0 0 1 1 0 0 0 0 0 "4"
"466" 164 -1 -1 -1 1 1 2 2 0 1 1 1 4 0 0 0 1 2 0 1 2 2 0 0 0 0 0 1 0 0 0 0 1 1 1 1 0 0 0 0 0 0 0 0 0 1 1 0 0 0 0 0 0 0 0 0 0 1 1 0 0 0 0 0 "2"
"467" 38 -1 -1 -1 1 1 2 2 0 1 1 1 4 0 0 0 1 2 0 1 2 2 0 0 0 0 0 1 0 0 0 0 1 1 1 1 0 0 0 0 0 0 0 0 0 1 1 0 0 0 0 0 0 0 0 0 0 1 1 0 0 0 0 0 "1"
"468" 552 -1 -1 -1 1 1 2 2 0 1 1 1 4 0 0 0 1 2 0 1 2 2 0 0 0 0 0 1 0 0 0 0 1 1 1 1 0 0 0 0 0 0 0 0 0 1 1 0 0 0 0 0 0 0 0 0 0 1 1 0 0 0 0 0 "5"
"469" 85 10.4 18.74 0 3 4 1 3 0 0 1 4 5 1 0 1 4 1 0 4 1 1 0 0 0 0 2 0 0 0 0 0 0 0 1 0 0 0 0 1 1 0 3 1 2 1 1 1 0 0 1 0 0 1 0 0 0 0 1 1 0 2 1 0 "1"
"470" 17 8.68 8.54 0.654 2 2 2 1 0 0 1 2 3 3 0 1 1 0 0 2 1 1 0 0 0 0 0 0 0 0 0 0 0 0 0 0 0 0 0 0 2 2 0 0 1 0 0 1 0 0 0 1 1 0 0 0 0 0 0 0 0 0 1 1 "1"
"471" 275 12.32 0.26 0.256 3 5 2 3 0 2 0 5 6 4 0 4 3 1 2 6 1 0 0 0 0 0 1 1 0 0 1 2 1 0 0 0 0 0 1 2 1 1 1 0 0 3 3 1 0 0 3 2 0 1 0 0 0 0 0 0 0 0 0 1 "2"
"472" 287 12.46 1.86 0.037 7 0 3 3 2 2 3 6 6 1 1 0 2 2 0 6 1 1 1 2 1 0 1 2 0 0 0 1 1 1 3 1 0 0 0 0 1 4 3 1 1 1 1 3 0 0 1 2 1 0 0 1 1 2 1 0 0 3 4 1 "2"
"473" 348 99.99 2.79 0 0 7 2 0 1 3 6 1 4 1 1 2 1 1 0 3 1 1 0 0 0 1 0 0 0 0 0 0 1 1 0 0 0 0 0 0 0 2 2 0 0 1 0 3 0 0 0 1 1 0 0 0 0 0 0 0 0 2 0 0 "4"
"474" 228 10.39 29.55 16.411 3 0 3 1 1 3 3 3 2 1 1 0 3 1 0 4 1 0 2 2 0 0 0 0 0 0 0 1 1 1 0 0 1 2 1 0 1 1 0 0 0 2 1 0 0 1 1 1 0 0 0 0 1 1 0 0 0 0 1 2 "2"
"475" 56 10.54 12.25 3.056 1 4 1 0 1 2 2 2 8 2 0 3 0 3 1 1 0 0 0 0 0 0 0 0 0 0 0 0 0 0 2 1 0 0 0 0 1 1 1 2 1 3 1 4 0 1 0 0 0 0 1 1 0 2 2 0 1 0 0 1 "1"
"476" 577 6.75 23.51 17.014 3 2 5 1 0 2 1 0 2 2 0 1 0 4 0 0 0 2 2 1 1 1 0 0 0 0 0 1 0 0 0 0 0 0 0 0 0 0 1 1 2 0 0 0 0 0 0 0 0 0 0 1 0 0 0 0 0 0 0 0 "5"
"477" 14 14.08 0 0 2 5 1 0 1 1 5 2 4 0 0 1 2 4 0 8 1 0 0 1 1 0 0 0 0 0 1 0 0 0 1 0 1 1 1 1 0 0 0 1 1 0 1 2 0 0 1 0 0 0 1 1 0 0 0 0 0 1 2 4 "1"
"478" 283 11.45 29.49 17.177 6 2 4 0 0 1 4 2 4 2 1 1 5 3 0 2 1 1 2 2 1 3 0 0 0 0 0 0 0 0 2 2 0 0 0 0 1 2 1 1 1 1 1 1 0 1 3 2 0 1 0 1 1 0 1 1 0 0 2 2 "2"
"479" 138 12.27 0 0 5 3 5 3 1 3 1 5 8 0 2 0 2 3 0 4 2 2 2 1 1 1 0 0 0 1 1 0 0 0 0 0 0 0 0 1 2 2 2 2 1 2 1 1 0 2 0 1 2 1 0 1 1 1 0 0 0 0 0 1 "1"
"480" 246 10.58 0 0 2 4 5 2 1 1 5 6 6 1 0 0 2 2 0 2 0 3 3 0 0 1 0 1 0 1 1 0 0 0 2 1 0 0 0 1 2 2 1 0 1 2 3 3 0 0 0 0 0 0 0 2 0 0 1 1 0 0 0 0 "2"
"481" 199 12.8 1.8 1.701 4 4 4 2 4 3 5 2 7 1 0 0 1 1 2 7 0 1 2 1 0 0 0 0 2 1 0 0 0 0 2 0 0 0 0 0 1 1 0 0 1 2 2 2 0 0 1 1 0 0 0 0 0 0 0 0 0 0 1 2 "2"
"482" 153 12.57 0.22 0.015 5 7 1 1 1 4 3 5 2 4 2 3 2 2 3 3 1 1 1 1 0 0 0 0 0 0 0 1 2 2 2 0 0 0 1 1 0 2 2 0 0 1 1 0 0 2 1 0 0 0 1 0 0 0 1 1 1 0 1 1 "2"
"483" 205 11.5 14 12.667 2 7 1 1 0 3 5 1 5 3 0 5 0 3 0 5 0 0 0 0 0 0 0 0 0 0 0 0 0 0 3 1 1 1 0 0 0 0 0 0 1 2 1 2 0 0 0 0 0 0 0 0 1 0 1 1 0 2 4 2 "2"
"484" 346 12.39 3.64 3.637 5 7 3 3 2 1 7 4 2 1 3 6 3 2 2 2 0 1 2 2 1 0 0 0 0 0 0 0 0 0 2 1 0 0 0 2 3 2 1 0 0 1 1 2 0 0 1 1 0 1 0 0 0 1 2 1 1 0 0 1 "4"
"485" 180 14.25 0.04 0.041 2 11 4 1 1 3 5 5 4 3 2 3 1 3 2 3 2 3 2 1 0 0 0 0 0 0 0 1 2 1 2 0 0 0 1 2 1 2 2 0 0 2 1 1 1 0 0 1 1 0 0 0 1 1 1 1 1 0 0 1 "2"
"486" 241 9.4 42.04 32.326 4 3 2 1 0 2 1 1 3 0 0 1 3 4 4 4 0 1 1 1 1 0 0 0 0 0 0 0 0 0 1 0 0 0 0 0 0 0 1 0 0 0 0 1 0 0 0 0 0 2 0 0 1 3 3 1 1 1 1 2 "2"
"487" 135 9.2 24.65 21.821 2 7 2 4 0 0 3 4 4 0 0 2 3 4 1 3 0 0 0 0 0 1 1 2 0 0 0 0 0 0 2 2 0 0 0 0 0 1 2 1 0 0 0 0 0 0 2 1 1 1 1 1 1 2 1 0 1 0 1 1 "1"
"488" 165 9.2 107.65 74.438 1 3 0 2 0 1 2 1 2 0 1 1 3 0 0 3 0 0 0 1 1 1 0 2 0 0 0 0 0 0 1 1 0 0 0 0 0 0 0 0 1 0 0 0 0 0 0 1 1 1 0 0 0 0 0 0 0 1 0 0 "3"
"489" 535 10.48 5.37 3.579 6 2 7 2 0 4 2 0 4 1 1 1 4 5 0 8 1 2 2 3 2 0 0 2 0 0 0 2 1 0 1 1 0 0 0 0 0 0 0 0 0 0 1 1 0 1 1 1 1 1 1 0 0 0 2 2 0 1 1 2 "5"
"490" 446 10.91 3.71 1.651 7 4 2 2 1 3 4 5 7 3 4 1 2 3 3 4 1 2 1 1 1 0 1 2 0 0 0 2 1 0 3 3 0 0 1 1 1 1 1 1 1 1 0 1 0 2 0 0 1 1 0 1 0 1 2 1 1 1 1 1 "5"
"491" 178 9.69 11.63 10.75 4 1 6 2 0 1 4 4 3 1 1 0 3 3 0 3 0 0 1 2 1 0 0 0 0 0 0 0 0 0 0 0 0 0 0 1 1 1 2 0 0 1 1 1 0 1 1 0 0 0 0 0 1 1 0 0 0 1 0 0 "2"
"492" 104 17.72 2.95 1.38 3 5 1 0 2 2 4 2 4 1 0 1 0 2 2 6 0 0 1 2 1 0 0 0 0 0 1 1 2 1 0 0 0 0 0 0 0 1 1 0 0 2 1 2 0 0 0 0 0 0 0 1 1 0 0 0 1 3 1 2 "1"
"493" 320 10.17 31.01 21.875 1 1 3 3 0 0 2 1 2 1 0 1 1 1 0 2 1 1 0 1 1 0 2 1 0 0 0 0 0 0 1 1 0 0 0 0 1 1 0 0 0 1 1 2 0 0 1 1 0 0 0 0 0 0 0 0 1 1 1 0 "4"
"494" 338 11.63 2.24 2.243 6 4 6 1 1 4 4 2 8 1 1 3 4 2 1 5 2 1 1 2 2 1 0 0 0 0 1 1 1 1 0 0 0 0 0 0 0 0 2 4 2 2 2 0 0 1 2 1 0 0 0 0 0 0 2 2 1 1 1 1 "4"
"495" 512 10.04 6.81 6.811 2 4 3 1 1 2 2 0 2 1 1 0 0 1 3 8 1 0 0 0 0 0 0 0 0 0 0 0 0 0 0 0 0 0 0 0 0 0 0 1 0 1 1 0 0 1 0 0 0 1 0 0 1 1 0 0 0 2 1 1 "5"
"496" 262 10.23 27.61 10.4 3 2 5 0 0 1 0 3 0 2 0 1 3 1 0 2 1 1 1 2 1 1 0 0 0 0 0 1 0 0 1 1 0 1 1 0 2 2 0 0 0 0 0 0 0 0 1 0 1 2 0 0 0 0 0 0 0 1 1 1 "2"
"497" 89 8.01 8.75 7.6 3 4 8 1 2 1 5 3 5 1 2 1 2 2 3 5 1 3 3 2 2 1 0 1 1 0 0 0 1 1 4 3 0 0 0 0 1 2 2 3 2 2 1 2 1 0 0 0 0 1 0 0 0 1 1 0 1 0 1 2 "1"
"498" 380 12.51 0 0 3 5 3 1 0 2 6 1 7 2 4 4 1 1 2 4 1 0 1 1 0 0 1 0 0 0 0 0 0 0 2 1 0 0 0 0 1 1 0 3 4 0 0 0 1 2 0 0 0 1 0 0 0 0 0 0 0 1 1 0 "4"
"499" 208 15.43 4.34 0.224 7 5 5 2 0 0 5 2 4 2 2 4 3 4 3 3 3 1 1 1 0 2 0 2 0 0 0 0 0 0 0 0 1 1 0 0 0 0 1 0 0 1 3 3 0 2 0 0 0 2 0 1 0 0 0 0 2 0 0 0 "2"
"500" 229 12.24 0.55 0.546 3 3 6 1 0 2 2 2 6 2 2 3 1 0 1 4 1 3 3 1 0 0 0 1 0 0 0 1 0 0 3 2 0 1 1 0 1 1 0 4 3 1 1 0 2 0 0 1 1 0 0 0 0 0 0 0 1 0 0 2 "2"
"501" 130 7.52 6.32 6.317 3 5 5 0 1 1 4 1 9 3 0 1 3 0 1 6 0 0 2 4 2 0 0 0 0 0 0 0 0 0 3 1 0 0 0 0 0 1 2 1 0 4 3 3 0 1 1 1 0 1 0 0 0 0 0 0 0 2 0 2 "1"
